1,0.9976749969028904,-3.6542464955760465,503.65424649557605,0.0,2.456205
2,0.9952335238547484,-3.068038763330037,503.06803876333004,0.0,4.6091576
3,0.9927980859807918,-3.5355275209127512,503.53552752091275,0.0,2.9621258
4,0.9903686683624335,-4.001755359580159,504.00175535958016,0.0,4.599875
5,0.9879452561179651,-4.863847516407077,504.8638475164071,0.0,2.3111148
6,0.9855278344024644,-3.3026382762056414,503.30263827620564,0.0,1.5159688
7,0.9831163884077044,-6.489984828767717,506.4899848287677,0.0,3.974587
8,0.9807109033620641,-2.9532921876072464,502.95329218760725,0.0,4.784044
9,0.9783113645304367,-2.7027734827576637,502.70277348275766,0.0,3.6386073
10,0.9759177572141394,-5.370266468458794,505.3702664684588,0.0,5.656945
11,0.9735300667508239,-3.3809358059830856,503.3809358059831,0.0,5.562091
12,0.9711482785143866,-3.3931832566827893,503.3931832566828,0.0,5.397779
13,0.9687723779148782,-10.626321336212015,510.626321336212,0.0,5.208097
14,0.9664023503984154,-4.798146131784051,504.79814613178405,0.0,12.142352
15,0.9640381814470907,-3.0165294709465797,503.0165294709466,0.0,5.905391
16,0.9616798565788847,-2.9422061037782896,502.9422061037783,0.0,4.6590486
17,0.9593273613475758,-4.393786896290294,504.3937868962903,0.0,4.0837035
18,0.9569806813426535,-2.9192569285590366,502.91925692855904,0.0,1.5155259
19,0.9546398021892282,-3.748163620380126,503.7481636203801,0.0,7.655116
20,0.9523047095479451,-3.2630397435100917,503.2630397435101,0.0,5.354565
21,0.949975389114895,-3.550534522577152,503.55053452257715,0.0,10.236239
22,0.947651826621527,-5.19502023252943,505.19502023252943,0.0,2.127592
23,0.9453340078345617,-5.246867560372721,505.2468675603727,0.0,3.4342892
24,0.9430219185559027,-6.815774628145618,506.8157746281456,0.0,6.1797047
25,0.9407155446225511,-3.76514695221681,503.7651469522168,0.0,4.2032366
26,0.9384148719065176,-8.556691096166446,508.55669109616645,0.0,7.731882
27,0.9361198863147372,-4.960047748278271,504.96004774827827,0.0,14.92804
28,0.9338305737889812,-10.032906250689734,510.03290625068973,0.0,0.0
29,0.9315469203057726,-2.6363296058829064,502.6363296058829,0.0,5.18176
30,0.9292689118762992,-2.449587828782228,502.4495878287822,0.0,1.7175391
31,0.9269965345463288,-5.190518608396644,505.19051860839664,0.0,5.4399056
32,0.9247297743961226,-8.231396664820068,508.23139666482007,0.0,6.191336
33,0.922468617540351,-3.0526449647498453,503.05264496474985,0.0,2.2329335
34,0.920213050128008,-5.0070358596681785,505.0070358596682,0.0,9.639042
35,0.9179630583423264,-3.2255542476822257,503.2255542476822,0.0,9.926833
36,0.9157186284006931,-1.765876875609024,501.765876875609,0.0,3.457065
37,0.913479746554565,-3.0911523615247347,503.09115236152473,0.0,3.733012
38,0.9112463990893847,-2.323825230871364,502.32382523087136,0.0,3.803572
39,0.9090185723244958,-2.9626782259344395,502.96267822593444,0.0,8.551928
40,0.9067962526130602,-3.1636852962167836,503.1636852962168,0.0,8.691224
41,0.9045794263419737,-1.9512223202648329,501.95122232026483,0.0,4.069239
42,0.9023680799317831,-3.5591709600456056,503.5591709600456,0.0,6.9546943
43,0.9001621998366025,-3.700015816260759,503.70001581626076,0.0,4.329986
44,0.8979617725440308,-4.248463474618859,504.24846347461886,0.0,8.30802
45,0.8957667845750684,-2.321579807797036,502.32157980779704,0.0,3.8805168
46,0.8935772224840357,-3.375914307892799,503.3759143078928,0.0,5.7212834
47,0.8913930728584893,-2.4845294209895883,502.4845294209896,0.0,4.123468
48,0.889214322319141,-3.5828624116385868,503.5828624116386,0.0,7.0754085
49,0.887040957519775,-6.912665867534429,506.91266586753443,0.0,8.439299
50,0.884872965147167,-6.598627579617414,506.5986275796174,0.0,2.282181
51,0.8827103319210017,-2.892186053367709,502.8921860533677,0.0,8.108552
52,0.8805530445937922,-2.92336094755143,502.92336094755143,0.0,2.7724524
53,0.8784010899507988,-4.456476938788853,504.45647693878885,0.0,9.110754
54,0.8762544548099473,-3.146408641836274,503.1464086418363,0.0,7.8954716
55,0.8741131260217495,-3.6092566694520656,503.60925666945207,0.0,5.986964
56,0.8719770904692212,-5.388360034054017,505.388360034054,0.0,4.4034777
57,0.8698463350678031,-5.774264199322488,505.7742641993225,0.0,9.465642
58,0.8677208467652798,-5.94580831992198,505.945808319922,0.0,15.109049
59,0.8656006125417007,-2.391938062335953,502.39193806233595,0.0,3.7115211
60,0.8634856194092991,-3.4949269600908224,503.4949269600908,0.0,6.430393
61,0.8613758544124137,-1.859246649130398,501.8592466491304,0.0,7.498932
62,0.8592713046274087,-5.2923858489581335,505.29238584895813,0.0,5.611693
63,0.8571719571625948,-7.608419679046108,507.6084196790461,0.0,8.933805
64,0.85507779915815,-2.4519683298075847,502.4519683298076,0.0,0.4574701
65,0.8529888177860412,-4.189662656312635,504.18966265631263,0.0,7.4961443
66,0.8509050002499452,-4.126909940954079,504.1269099409541,0.0,4.9513006
67,0.8488263337851709,-2.8940048061513153,502.8940048061513,0.0,5.7797494
68,0.8467528056585805,-2.6527821003825807,502.6527821003826,0.0,12.083003
69,0.8446844031685117,-3.2367052317239313,503.23670523172393,0.0,6.8029037
70,0.8426211136447,-5.399544592903794,505.3995445929038,0.0,0.45810676
71,0.8405629244482012,-4.368846895436548,504.36884689543655,0.0,10.354875
72,0.8385098229713137,-4.272957759910014,504.27295775991,0.0,4.5500207
73,0.8364617966375011,-3.7177885017453036,503.7177885017453,0.0,1.2182089
74,0.8344188329013158,-3.141523908845329,503.14152390884533,0.0,3.42457
75,0.8323809192483218,-5.287045597797544,505.28704559779754,0.0,7.001938
76,0.8303480431950178,-4.062217514636586,504.0622175146366,0.0,3.5022295
77,0.828320192288761,-2.8276742566513917,502.8276742566514,0.0,2.548508
78,0.826297354107691,-3.601269020011216,503.6012690200112,0.0,12.399728
79,0.8242795162606532,-4.692133150925827,504.6921331509258,0.0,3.9722276
80,0.8222666663871234,-3.540196877006167,503.54019687700617,0.0,3.612164
81,0.8202587921571318,-8.713592922983935,508.71359292298393,0.0,4.7825804
82,0.8182558812711876,-2.971706149791544,502.97170614979154,0.0,9.766828
83,0.8162579214602035,-2.5482471107934543,502.54824711079345,0.0,4.1497154
84,0.8142649004854206,-5.75566080648241,505.7556608064824,0.0,4.785982
85,0.8122768061383336,-3.0653359274946865,503.0653359274947,0.0,4.0216007
86,0.810293626240616,-4.421929148227093,504.4219291482271,0.0,6.784009
87,0.808315348644045,-1.9141047626391696,501.91410476263917,0.0,6.2603593
88,0.8063419612304278,-4.9177594084495695,504.91775940844957,0.0,4.975196
89,0.804373451911527,-4.997997509945719,504.9979975099457,0.0,4.4177938
90,0.8024098086289865,-2.190803165748548,502.19080316574855,0.0,7.50875
91,0.8004510193542579,-4.122700685950917,504.1227006859509,0.0,24.29789
92,0.7984970720885263,-3.574039171817674,503.5740391718177,0.0,7.108763
93,0.7965479548626376,-1.9229330490098846,501.9229330490099,0.0,7.9255857
94,0.7946036557370243,-3.1221363462959744,503.122136346296,0.0,4.533759
95,0.7926641628016332,-3.9295468426079765,503.929546842608,0.0,3.7554524
96,0.7907294641758517,-2.001940840649411,502.0019408406494,0.0,8.872806
97,0.7887995480084354,-3.93328495800597,503.93328495800597,0.0,5.944731
98,0.7868744024774357,-3.5172914505643007,503.5172914505643,0.0,7.671809
99,0.7849540157901269,-2.4969026806112424,502.49690268061124,0.0,8.952041
100,0.7830383761829343,-3.2417405626606524,503.24174056266065,0.0,4.226107
101,0.781127471921362,-5.296169962335,505.296169962335,0.0,5.003794
102,0.7792212912999212,-2.3174595723382367,502.31745957233824,0.0,8.942242
103,0.7773198226420582,-3.5418253879543613,503.54182538795436,0.0,6.2569413
104,0.7754230543000832,-8.090749853310342,508.09074985331034,0.0,8.113139
105,0.7735309746550986,-4.616689286434735,504.61668928643473,0.0,7.430174
106,0.7716435721169282,-4.363722657575977,504.363722657576,0.0,4.3347654
107,0.7697608351240458,-4.238516852781629,504.23851685278163,0.0,11.050695
108,0.7678827521435048,-3.095321375544245,503.09532137554424,0.0,4.999057
109,0.766009311670867,-3.9327356939834317,503.93273569398343,0.0,2.7766297
110,0.7641405022301334,-2.9443831903539603,502.94438319035396,0.0,3.9773386
111,0.7622763123736718,-5.010358619183535,505.01035861918353,0.0,1.1547961
112,0.7604167306821484,-2.933973276183906,502.9339732761839,0.0,12.916356
113,0.7585617457644575,-4.74386183620436,504.74386183620436,0.0,3.2232585
114,0.7567113462576512,-3.8724437294364407,503.87244372943644,0.0,7.948238
115,0.7548655208268702,-2.3033061716964767,502.3033061716965,0.0,4.014156
116,0.7530242581652744,-4.876095247085914,504.8760952470859,0.0,8.25078
117,0.7511875469939734,-2.934625734691963,502.93462573469196,0.0,6.174708
118,0.7493553760619575,-4.518651917823377,504.5186519178234,0.0,6.520059
119,0.7475277341460291,-3.8198392325884925,503.8198392325885,0.0,10.905558
120,0.7457046100507334,-4.1551097282403475,504.15510972824035,0.0,8.072231
121,0.7438859926082901,-3.8754166543445194,503.8754166543445,0.0,3.7984743
122,0.7420718706785252,-4.039967009913653,504.03996700991365,0.0,6.690432
123,0.7402622331488021,-4.174698175964977,504.174698175965,0.0,3.6718707
124,0.7384570689339547,-3.381565612135205,503.3815656121352,0.0,4.5213666
125,0.7366563669762178,-3.469498584769781,503.4694985847698,0.0,5.9876537
126,0.7348601162451611,-3.241335285398634,503.24133528539863,0.0,2.7987995
127,0.7330683057376206,-5.403913098246051,505.40391309824605,0.0,4.5051494
128,0.7312809244776314,-5.238769334901804,505.2387693349018,0.0,5.9309254
129,0.7294979615163606,-4.900882472135436,504.90088247213544,0.0,4.4933963
130,0.7277194059320402,-7.159954014682171,507.15995401468217,0.0,14.343512
131,0.7259452468298999,-3.139186808835177,503.1391868088352,0.0,10.884985
132,0.7241754733421011,-4.638391164936934,504.63839116493693,0.0,3.2497737
133,0.7224100746276692,-4.389804377850055,504.38980437785006,0.0,1.7403018
134,0.7206490398724286,-8.888064392571778,508.8880643925718,0.0,5.319155
135,0.7188923582889347,-2.575167641797009,502.575167641797,0.0,7.9279866
136,0.71714001911641,-3.2020630011896856,503.2020630011897,0.0,6.522281
137,0.7153920116206759,-6.371071252632646,506.37107125263265,0.0,5.3535953
138,0.7136483250940888,-3.111865008161317,503.1118650081613,0.0,3.1753654
139,0.7119089488554734,-7.768497568805685,507.7684975688057,0.0,9.864263
140,0.7101738722500576,-6.335181684081533,506.33518168408153,0.0,7.946584
141,0.7084430846494073,-3.2101028179975515,503.21010281799755,0.0,7.747383
142,0.7067165754513615,-2.907044007459376,502.9070440074594,0.0,2.4204867
143,0.7049943340799668,-4.081580161625482,504.0815801616255,0.0,4.3915887
144,0.7032763499854129,-4.798038139986545,504.79803813998655,0.0,3.7015483
145,0.7015626126439684,-3.444827626224253,503.44482762622425,0.0,4.408374
146,0.6998531115579153,-3.9865523194190473,503.98655231941905,0.0,3.715336
147,0.6981478362554859,-4.005396694020078,504.0053966940201,0.0,4.0121665
148,0.6964467762907978,-1.616391110443999,501.616391110444,0.0,2.2195637
149,0.6947499212437901,-6.283190931203535,506.28319093120354,0.0,6.779847
150,0.6930572607201599,-2.660295369290907,502.6602953692909,0.0,4.413412
151,0.6913687843512982,-3.692970435922291,503.6929704359223,0.0,7.0874095
152,0.6896844817942269,-3.2400338752239577,503.24003387522396,0.0,6.404439
153,0.6880043427315347,-2.1175325643612837,502.1175325643613,0.0,3.1536613
154,0.6863283568713144,-6.893832997160587,506.8938329971606,0.0,14.660073
155,0.6846565139471001,-6.197887002572031,506.19788700257203,0.0,4.77816
156,0.6829888037178038,-4.153349633153653,504.15334963315365,0.0,1.9707644
157,0.6813252159676525,-3.8852993132404094,503.8852993132404,0.0,4.3790007
158,0.6796657405061265,-3.671907962565399,503.6719079625654,0.0,3.9638507
159,0.6780103671678962,-4.792523943748392,504.7925239437484,0.0,3.7622879
160,0.67635908581276,-5.99657699582491,505.9965769958249,0.0,2.2110372
161,0.6747118863255825,-2.9881324535380713,502.98813245353807,0.0,1.2069569
162,0.6730687586162324,-6.796519827130396,506.7965198271304,0.0,7.7280035
163,0.67142969261952,-2.4737553292748657,502.47375532927487,0.0,4.750788
164,0.6697946782951367,-2.690143820602202,502.6901438206022,0.0,3.8832338
165,0.6681637056275929,-3.704358585237287,503.7043585852373,0.0,1.598282
166,0.6665367646261563,-3.8638873864346124,503.8638873864346,0.0,3.894586
167,0.6649138453247915,-3.087473624545737,503.08747362454574,0.0,5.2966285
168,0.6632949377820982,-3.351245579540546,503.35124557954055,0.0,3.5334954
169,0.6616800320812513,-1.920547608070251,501.92054760807025,0.0,3.4401934
170,0.6600691183299385,-1.9255100149686086,501.9255100149686,0.0,11.238716
171,0.6584621866603013,-3.5862690487123245,503.5862690487123,0.0,4.40609
172,0.6568592272288741,-2.7104693152277832,502.7104693152278,0.0,10.048463
173,0.6552602302165234,-2.2043705212586815,502.2043705212587,0.0,3.1936247
174,0.653665185828388,-2.630105834104711,502.6301058341047,0.0,6.511317
175,0.6520740842938193,-4.5093191842509555,504.50931918425096,0.0,4.1075525
176,0.6504869158663209,-3.2736307848913384,503.27363078489134,0.0,2.8646276
177,0.6489036708234893,-3.8833847093235363,503.88338470932354,0.0,3.4413357
178,0.6473243394669541,-2.9019818780006403,502.90198187800064,0.0,6.197561
179,0.6457489121223188,-5.561548625050193,505.5615486250502,0.0,7.03759
180,0.6441773791391011,-3.429203766559567,503.42920376655957,0.0,4.312316
181,0.6426097308906747,-4.290301188810588,504.2903011888106,0.0,3.1387057
182,0.6410459577742091,-4.74301749601608,504.7430174960161,0.0,2.0606441
183,0.6394860502106119,-2.449529400840788,502.4495294008408,0.0,3.9883516
184,0.6379299986444693,-3.982149585050877,503.9821495850509,0.0,2.2995481
185,0.6363777935439882,-2.6867375811258967,502.6867375811259,0.0,5.837145
186,0.6348294254009373,-2.9724893900466896,502.9724893900467,0.0,9.131753
187,0.6332848847305892,-3.403186223017144,503.40318622301714,0.0,1.9767387
188,0.6317441620716622,-3.569551366884582,503.5695513668846,0.0,26.369562
189,0.630207247986262,-3.0729698723833963,503.0729698723834,0.0,4.650421
190,0.6286741330598247,-3.7420496798808927,503.7420496798809,0.0,1.1081697
191,0.6271448079010582,-5.3649823491078905,505.3649823491079,0.0,6.024897
192,0.6256192631418853,-2.0433417623960963,502.0433417623961,0.0,4.4256473
193,0.6240974894373864,-3.685536839914562,503.68553683991456,0.0,4.4896274
194,0.6225794774657414,-6.75297320299984,506.75297320299984,0.0,4.880442
195,0.6210652179281735,-4.759636170747115,504.7596361707471,0.0,4.5282264
196,0.6195547015488919,-4.647450752535917,504.6474507525359,0.0,11.707998
197,0.6180479190750351,-4.264642607042333,504.26464260704233,0.0,4.308967
198,0.6165448612766139,-4.376027994725007,504.376027994725,0.0,5.1952996
199,0.6150455189464552,-2.8058416421039283,502.8058416421039,0.0,4.4319158
200,0.6135498829001454,-2.5136134834274912,502.5136134834275,0.0,1.8219815
201,0.6120579439759744,-2.919343686828313,502.9193436868283,0.0,3.3284154
202,0.610569693034879,-3.154925366958423,503.1549253669584,0.0,6.2042265
203,0.6090851209603874,-5.327015647730036,505.32701564773004,0.0,5.528215
204,0.6076042186585631,-3.73609998137772,503.7360999813777,0.0,6.4056215
205,0.6061269770579495,-7.854989670864313,507.8549896708643,0.0,5.465039
206,0.6046533871095138,-2.8501839506975557,502.85018395069756,0.0,4.172962
207,0.6031834397865921,-2.2324526768455826,502.2324526768456,0.0,3.058707
208,0.6017171260848335,-3.0604247050723075,503.0604247050723,0.0,1.244395
209,0.6002544370221455,-2.608621638771808,502.6086216387718,0.0,7.837099
210,0.598795363638639,-3.4370394588104887,503.4370394588105,0.0,3.9042988
211,0.5973398969965732,-2.9733372362791215,502.9733372362791,0.0,0.9756746
212,0.5958880281803004,-4.5551043111884155,504.5551043111884,0.0,3.3008568
213,0.5944397482962122,-5.295903385155327,505.2959033851553,0.0,4.144633
214,0.5929950484726847,-3.2022425483208394,503.20224254832084,0.0,6.234111
215,0.591553919860024,-3.3433182009375173,503.3433182009375,0.0,5.701978
216,0.5901163536304121,-5.125049900306408,505.1250499003064,0.0,5.0697503
217,0.5886823409778531,-2.658023563300617,502.6580235633006,0.0,3.9432023
218,0.5872518731181183,-2.383027821622136,502.38302782162214,0.0,3.3546488
219,0.5858249412886939,-5.108123756568546,505.10812375656855,0.0,12.456306
220,0.5844015367487261,-3.221843883083295,503.2218438830833,0.0,0.9232042
221,0.5829816507789679,-3.08378348045909,503.0837834804591,0.0,6.523688
222,0.581565274681726,-5.70269010380207,505.70269010380207,0.0,12.76668
223,0.580152399780807,-3.351204075652447,503.35120407565245,0.0,5.9948525
224,0.5787430174214647,-2.8783566766238096,502.8783566766238,0.0,4.945846
225,0.577337118970347,-5.5221307310424095,505.5221307310424,0.0,5.9641814
226,0.5759346958154428,-2.251864023641872,502.2518640236419,0.0,5.507735
227,0.5745357393660292,-3.094433214841388,503.0944332148414,0.0,11.9031515
228,0.5731402410526193,-4.880349786126828,504.8803497861268,0.0,5.9064183
229,0.5717481923269095,-1.7889808431142455,501.78898084311425,0.0,4.3415346
230,0.5703595846617268,-3.4955718241292857,503.4955718241293,0.0,17.395493
231,0.5689744095509771,-3.2080274995062723,503.2080274995063,0.0,10.88074
232,0.5675926585095928,-5.292570785507337,505.29257078550734,0.0,4.8935566
233,0.5662143230734809,-2.5754291012025305,502.57542910120253,0.0,31.068892
234,0.564839394799471,-4.3511089478116105,504.3511089478116,0.0,7.7705045
235,0.5634678652652637,-3.731473824793227,503.7314738247932,0.0,10.4144745
236,0.5620997260693793,-3.298214680626529,503.29821468062653,0.0,3.317836
237,0.5607349688311059,-2.728587690779648,502.72858769077965,0.0,3.1715286
238,0.5593735851904479,-3.6223337213858713,503.62233372138587,0.0,3.716709
239,0.5580155668080756,-2.5450800578906865,502.5450800578907,0.0,4.9549303
240,0.5566609053652732,-3.0588457594070064,503.058845759407,0.0,4.562373
241,0.5553095925638889,-3.7881575386956,503.7881575386956,0.0,2.4224386
242,0.5539616201262825,-3.917526755316999,503.917526755317,0.0,5.4628525
243,0.5526169797952764,-3.141374344370604,503.1413743443706,0.0,7.3320723
244,0.5512756633341038,-3.134476923295381,503.1344769232954,0.0,6.980367
245,0.549937662526359,-2.427645341399284,502.4276453413993,0.0,4.475892
246,0.5486029691759465,-2.963565733827352,502.96356573382735,0.0,3.2017534
247,0.5472715751070314,-2.1038188171764887,502.1038188171765,0.0,6.6171927
248,0.5459434721639884,-2.9445424332280368,502.94454243322804,0.0,10.246063
249,0.5446186522113531,-1.821311030356128,501.8213110303561,0.0,3.5811574
250,0.5432971071337709,-4.918842301004986,504.918842301005,0.0,5.000587
251,0.5419788288359482,-3.5094690347718256,503.5094690347718,0.0,7.4087777
252,0.5406638092426024,-6.234092719704563,506.23409271970456,1.5856968,14.912916
253,0.5393520402984123,-5.728387124050698,505.7283871240507,11.72736,4.0548816
254,0.5380435139679693,-4.661034895343278,504.6610348953433,7.4948926,8.113729
255,0.5367382222357279,-4.248597169185871,504.24859716918587,41.66465,2.9687943
256,0.535436157105956,-3.5925538634959366,503.59255386349594,9.242813,4.7521377
257,0.5341373106026871,-3.995735014550746,503.99573501455075,0.59866565,13.193853
258,0.5328416747696703,-2.9659122792576227,502.9659122792576,0.99040186,4.993539
259,0.5315492416703225,-4.015003808520078,504.0150038085201,0.19176228,1.8596653
260,0.530260003387679,-4.601174982810164,504.60117498281016,0.15221909,1.7907531
261,0.5289739520243455,-2.628574036598593,502.6285740365986,0.06623112,7.291726
262,0.5276910797024498,-7.000668343666746,507.00066834366675,0.19869977,3.22544
263,0.526411378563593,-5.376934879927489,505.3769348799275,0.13338083,3.8166265
264,0.5251348407688017,-3.1187133234931252,503.1187133234931,0.12980087,4.717254
265,0.5238614584984803,-2.785916107995547,502.78591610799555,0.028329857,2.7933843
266,0.5225912239523623,-2.776040014459909,502.7760400144599,0.058594465,3.7168846
267,0.5213241293494635,-2.1562797869078167,502.1562797869078,0.079384685,5.857777
268,0.5200601669280333,-2.913667412067525,502.9136674120675,0.040495742,2.150808
269,0.5187993289455081,-2.8457775079421026,502.8457775079421,0.04724492,9.18274
270,0.5175416076784632,-2.502948435109147,502.50294843510915,0.06194066,4.394887
271,0.5162869954225661,-5.345136474717663,505.34513647471766,0.057036195,3.1148167
272,0.5150354844925282,-2.792231582052011,502.792231582052,0.034122318,3.134087
273,0.5137870672220594,-1.6517426993411277,501.6517426993411,0.21142551,3.4562979
274,0.5125417359638196,-6.871721685287866,506.87172168528787,0.13207784,6.460489
275,0.5112994830893725,-4.276284033521392,504.2762840335214,0.0358195,5.158254
276,0.5100603009891389,-7.012370624351547,507.01237062435155,0.046815652,2.472915
277,0.5088241820723504,-3.66417573137619,503.6641757313762,0.05424765,7.7758102
278,0.5075911187670018,-3.076707364096933,503.07670736409693,0.026111264,5.9885125
279,0.5063611035198061,-3.193763871955241,503.19376387195524,0.042226516,2.031879
280,0.5051341287961474,-7.068508018453997,507.068508018454,0.040854998,4.0116014
281,0.5039101870800345,-3.684160865304989,503.684160865305,0.027004898,3.0735116
282,0.5026892708740559,-3.9200670427175623,503.92006704271756,0.03977429,7.703607
283,0.5014713726993327,-2.28618184496338,502.2861818449634,0.055974413,3.5956535
284,0.5002564850954737,-3.226951233667137,503.22695123366714,0.05596629,2.9150548
285,0.49904460062052924,-4.344897451080783,504.3448974510808,0.045507677,7.3154316
286,0.4978357118509457,-3.1889343611385357,503.18893436113854,0.039127234,5.3312373
287,0.49662981138152,-3.180269212925168,503.18026921292517,0.031373173,6.214335
288,0.49542689182535427,-2.9941808019516998,502.9941808019517,0.026869128,7.2318273
289,0.49422694581381066,-2.7743592552237715,502.77435925522377,0.053237014,8.613791
290,0.4930299659964662,-3.271902846166711,503.2719028461667,0.13680926,4.07027
291,0.4918359450410676,-2.751768740983607,502.7517687409836,0.09297149,0.90659654
292,0.4906448756334864,-3.4184558954432873,503.4184558954433,0.0513614,8.1307745
293,0.48945675047767456,-4.263123093691092,504.2631230936911,0.036302194,4.0940056
294,0.4882715622956191,-3.0987132992863167,503.0987132992863,0.034727544,6.058763
295,0.48708930382729787,-3.065057862892445,503.06505786289244,0.06672755,6.5224314
296,0.48590996783063534,-2.032995410993067,502.03299541099307,0.04682438,4.972296
297,0.4847335470814576,-2.5196435663266925,502.5196435663267,0.02855244,1.2792361
298,0.48356003437344863,-2.940667546911641,502.94066754691164,0.28059903,3.5077794
299,0.48238942251810607,-2.425266306075457,502.42526630607546,0.23243073,3.9454896
300,0.4812217043446969,-3.7851577748245404,503.78515777482454,0.053460725,5.4877076
301,0.4800568727002139,-3.228054917936106,503.2280549179361,0.037819423,13.924478
302,0.4788949204493316,-4.5017410636769455,504.50174106367695,0.027908288,6.278053
303,0.47773584047436257,-2.699754035166791,502.6997540351668,0.044043455,11.601272
304,0.47657962567521395,-4.157553343508994,504.157553343509,0.036466874,8.446248
305,0.4754262689693438,-3.573616888235904,503.5736168882359,0.11240581,5.76561
306,0.4742757632917179,-3.3640924465491366,503.36409244654914,0.21253112,8.506294
307,0.4731281015947662,-7.82386121869547,507.82386121869547,0.1686815,9.6183195
308,0.47198327684834,-2.4578556084362617,502.45785560843626,0.22415443,12.120769
309,0.47084128203966874,-4.253435427545867,504.25343542754587,0.04616835,5.1630445
310,0.46970211017331676,-3.543196446238994,503.543196446239,0.07253449,10.442669
311,0.46856575427114083,-3.510653881815017,503.510653881815,0.09959081,4.980291
312,0.4674322073722474,-3.8393518361350516,503.83935183613505,0.108631626,4.645425
313,0.4663014625329495,-2.854835129723142,502.85483512972314,0.13656688,5.086662
314,0.465173512826725,-5.249719047057226,505.2497190470572,0.016472548,7.165893
315,0.46404835134417316,-4.431645110497584,504.4316451104976,0.0723587,3.877261
316,0.4629259711929734,-3.0362192806157395,503.03621928061574,0.029918432,9.823488
317,0.46180636549784215,-3.306034252339032,503.30603425233903,0.057127118,3.1876507
318,0.46068952740049135,-2.7925884398334233,502.7925884398334,0.057576194,1.6440959
319,0.45957545005958617,-3.664724657173906,503.6647246571739,0.05996465,4.031872
320,0.458464126650703,-2.8525722454354536,502.85257224543545,0.261689,14.383619
321,0.45735555036628794,-4.081404254659674,504.0814042546597,0.13049963,7.1744905
322,0.456249714415615,-2.4898327744596145,502.4898327744596,0.1043244,5.4886303
323,0.45514661202474427,-2.216138984421491,502.2161389844215,0.035350256,6.5691247
324,0.4540462364364808,-4.116985282825681,504.1169852828257,0.04614102,2.5087407
325,0.4529485809103329,-5.296166504712517,505.2961665047125,0.03846734,2.770419
326,0.45185363872247103,-4.0169134063816045,504.0169134063816,0.043952987,3.4103234
327,0.4507614031656865,-3.494224819972146,503.49422481997215,0.060730513,5.728583
328,0.44967186754935046,-3.4068072515023573,503.40680725150236,0.2046282,7.4481816
329,0.44858502519937293,-3.71844471536059,503.7184447153606,0.08371773,3.0546105
330,0.44750086945816175,-3.5325400565748737,503.5325400565749,0.049726907,4.9059935
331,0.44641939368458217,-2.378043496548287,502.3780434965483,0.47649017,4.9256315
332,0.4453405912539157,-3.1943952167997622,503.19439521679976,0.08211534,5.405976
333,0.44426445555781974,-4.175384335011358,504.17538433501136,0.08592942,3.2504811
334,0.44319098000428725,-3.9750643511122234,503.9750643511122,0.09557851,6.2173004
335,0.4421201580176063,-4.081550173374694,504.0815501733747,0.067830026,7.433183
336,0.44105198303831944,-2.2406901558502454,502.24069015585025,0.22153802,2.8161511
337,0.4399864485231841,-3.6422207741773036,503.6422207741773,0.093384184,4.672244
338,0.43892354794513205,-3.1741361009162006,503.1741361009162,0.08771866,6.451417
339,0.43786327479322956,-2.622603746054722,502.6226037460547,0.03706018,3.6001859
340,0.43680562257263766,-5.717907422238227,505.7179074222382,0.11065839,6.803939
341,0.4357505848045721,-3.605649134723194,503.6056491347232,0.047834545,9.668613
342,0.43469815502626397,-3.1549025012288325,503.15490250122883,0.08628655,3.3622031
343,0.43364832679091964,-2.3329518782641117,502.3329518782641,0.5353897,9.099506
344,0.43260109366768185,-3.145095141297645,503.14509514129765,0.10470533,5.6010966
345,0.4315564492415899,-2.742904864514344,502.74290486451434,0.0820127,2.173559
346,0.4305143871135405,-3.9837177326353412,503.98371773263534,0.07058629,6.4186125
347,0.42947490090024865,-4.489859482865825,504.4898594828658,0.029838577,5.264727
348,0.42843798423420826,-3.987914700965007,503.987914700965,0.05677125,6.3356414
349,0.42740363076365345,-4.898312177829894,504.8983121778299,0.4008155,8.491039
350,0.42637183415251956,-9.504182487658625,509.5041824876586,0.052247964,1.7919345
351,0.42534258808040426,-4.057167126767467,504.05716712676747,0.118640974,4.4473763
352,0.42431588624252875,-2.673218050940136,502.67321805094014,0.023677323,8.172114
353,0.4232917223496995,-2.849336236595491,502.8493362365955,0.1631875,2.5901082
354,0.4222700901282692,-3.5822755313303674,503.58227553133037,0.07069655,4.8465858
355,0.42125098332009897,-3.505678267538599,503.5056782675386,0.03929217,10.675641
356,0.4202343956825194,-3.149151316369057,503.14915131636906,0.045622643,8.073638
357,0.4192203209882927,-3.631679687882297,503.6316796878823,0.114726536,9.738562
358,0.41820875302557436,-5.017138728933446,505.01713872893345,0.033808,7.617491
359,0.4171996855978752,-3.652227382286867,503.65222738228687,0.051270355,14.026195
360,0.41619311252402336,-2.4954983664603674,502.49549836646037,0.033922736,3.1866164
361,0.4151890276381266,-2.414581631955514,502.4145816319555,0.040631115,10.091599
362,0.41418742478953424,-5.642069325889906,505.6420693258899,0.04908541,7.3939424
363,0.41318829784279976,-3.614073329365681,503.6140733293657,0.08832586,5.56102
364,0.412191640677643,-4.2401530977426205,504.2401530977426,0.030997409,8.892737
365,0.4111974471889128,-5.395553020361092,505.3955530203611,0.02777167,3.5925055
366,0.4102057112865496,-5.125673218807037,505.12567321880704,0.034643866,5.8917494
367,0.40921642689554794,-4.314178332918857,504.31417833291886,0.03772912,7.0661483
368,0.4082295879559196,-3.1795553016301596,503.17955530163016,0.074105054,7.031
369,0.40724518842265633,-2.306431663341982,502.306431663342,0.2174194,5.7039447
370,0.40626322226569245,-3.0495270847350753,503.0495270847351,0.033832528,3.027836
371,0.40528368346986854,-6.43054660844183,506.43054660844183,0.05369208,9.972936
372,0.4043065660348943,-3.80779182650258,503.8077918265026,0.21469794,7.697791
373,0.4033318639753115,-4.145970754449479,504.1459707544495,0.14246003,5.650589
374,0.402359571320458,-4.826557270326873,504.8265572703269,0.09208125,4.9417396
375,0.40138968211443043,-4.040696784777026,504.040696784777,0.06068818,7.036148
376,0.4004221904160482,-2.937682984200478,502.9376829842005,0.09252261,19.471651
377,0.39945709029881693,-3.065220382826567,503.06522038282657,0.034995094,5.63955
378,0.39849437585089226,-2.3808985810865124,502.3808985810865,0.050924856,5.1820526
379,0.39753404117504343,-3.374882451596875,503.3748824515969,0.07216871,3.9658806
380,0.3965760803886174,-1.5909494241312814,501.5909494241313,0.09426606,6.462187
381,0.3956204876235026,-1.542222749541736,501.54222274954174,0.033655696,7.968559
382,0.3946672570260931,-2.9537225601594628,502.95372256015946,0.08363055,3.9442422
383,0.39371638275725274,-2.67045418205646,502.67045418205646,0.16497475,3.5037405
384,0.3927678589922794,-2.0538665360232926,502.0538665360233,0.06512917,4.688543
385,0.39182167992086914,-2.603946194353739,502.60394619435374,0.12427501,7.408715
386,0.39087783974708107,-3.4362510994184845,503.4362510994185,0.068510994,4.721005
387,0.3899363326893009,-4.046077451247413,504.0460774512474,0.05907669,4.8516393
388,0.3889971529802067,-3.3946394574947476,503.39463945749475,0.07736781,6.176955
389,0.3880602948667328,-2.7530060576489745,502.753006057649,0.26813346,7.0221286
390,0.3871257526100349,-3.6556460503700805,503.6556460503701,0.14619578,4.8325825
391,0.3861935204854545,-3.0105189641627135,503.0105189641627,0.26998866,3.746162
392,0.38526359278248445,-3.18242026491032,503.1824202649103,0.053669006,4.530453
393,0.38433596380473334,-3.0763727351289845,503.076372735129,0.07331521,5.200379
394,0.383410627869891,-2.869300101877002,502.869300101877,0.16619034,6.4659758
395,0.3824875793096937,-4.023151182786592,504.0231511827866,0.052161522,3.3796036
396,0.3815668124698891,-3.3150196686273716,503.3150196686274,0.18181843,5.61022
397,0.38064832171020196,-2.2986242780240786,502.2986242780241,0.05422634,5.391311
398,0.3797321014042996,-3.5649753511688687,503.56497535116887,0.044941653,5.4340568
399,0.378818145939757,-2.9771819784017453,502.97718197840175,0.15046503,4.167637
400,0.37790644971802284,-1.9478067099476561,501.94780670994766,0.14072715,6.4285154
401,0.3769970071543852,-2.512285339691914,502.5122853396919,0.12967628,4.7438197
402,0.3760898126779371,-3.8583254705633863,503.8583254705634,0.14105071,4.7756143
403,0.37518486073154256,-1.7208398849197692,501.72083988491977,0.07028082,5.119282
404,0.3742821457718024,-3.753139001230238,503.75313900123024,0.17854619,2.519328
405,0.3733816622690205,-6.163824466795177,506.1638244667952,0.44033846,3.4989567
406,0.37248340470716984,-4.179633903544698,504.1796339035447,0.11678422,13.127658
407,0.3715873675838586,-2.2174088844235484,502.21740888442355,0.14373176,3.402905
408,0.37069354541029653,-3.166533257644801,503.1665332576448,0.29216525,3.5774808
409,0.3698019327112615,-4.672468941930958,504.67246894193096,0.14814037,3.9203274
410,0.3689125240250656,-2.6864307669984555,502.68643076699846,0.12574314,3.0557015
411,0.36802531390352194,-6.237776051111041,506.23777605111104,0.11094275,4.6862655
412,0.3671402969119113,-3.0486553509778673,503.04865535097787,0.07555543,2.467825
413,0.36625746762894873,-5.297361671010947,505.29736167101095,0.14513597,5.6127973
414,0.36537682064675026,-3.470053768284174,503.4700537682842,0.17117636,7.8869104
415,0.3644983505708,-2.4878485995324695,502.48784859953247,0.06318505,12.587143
416,0.363622052019917,-3.339877193493521,503.3398771934935,0.10569699,4.3902225
417,0.3627479196262221,-4.868699779472877,504.8686997794729,0.098490946,4.742498
418,0.3618759480351054,-3.288405768672078,503.2884057686721,0.2901852,2.607251
419,0.36100613190519326,-3.0750767632270026,503.075076763227,0.15153548,3.4758182
420,0.3601384659083154,-6.319370495339626,506.3193704953396,0.10305616,9.274771
421,0.3592729447294726,-2.189135190269212,502.1891351902692,0.07484407,7.664875
422,0.358409563066804,-5.10639405493589,505.1063940549359,0.06013565,4.174669
423,0.35754831563155465,-3.204766820942666,503.20476682094267,0.42724097,4.765781
424,0.3566891971480429,-3.426297420376386,503.4262974203764,0.069937214,8.428346
425,0.35583220235362867,-4.289624176230859,504.28962417623086,0.05651814,10.262909
426,0.3549773259986803,-2.5473374185328908,502.5473374185329,0.07168887,7.7879796
427,0.3541245628465432,-3.169105110554824,503.1691051105548,0.11274618,3.417696
428,0.35327390767350747,-4.298079949663986,504.298079949664,0.16358304,5.6537375
429,0.3524253552687759,-2.7664179589015703,502.76641795890157,0.044545524,4.7544518
430,0.35157890043443185,-2.592797610486741,502.59279761048674,0.0393041,8.682934
431,0.3507345379854078,-2.8949651950632074,502.8949651950632,0.2871065,3.9010403
432,0.3498922627494536,-3.963617190600303,503.9636171906003,0.045356244,6.484766
433,0.3490520695671042,-3.296540238845182,503.2965402388452,0.07304269,4.258369
434,0.3482139532916486,-2.9921804533023533,502.99218045330235,0.04391378,3.1802073
435,0.34737790878909824,-2.2412541855467225,502.2412541855467,0.10029094,3.0195467
436,0.34654393093815533,-3.8652279422004767,503.8652279422005,0.11701823,7.7061453
437,0.34571201463018175,-2.831602759981479,502.8316027599815,0.1163876,3.7556012
438,0.34488215476916756,-5.390212230190173,505.3902122301902,0.07710957,4.6299734
439,0.34405434627169984,-3.63201098611313,503.63201098611313,0.15125766,10.187782
440,0.34322858406693146,-3.9400359263912037,503.9400359263912,0.16696934,7.2827563
441,0.34240486309655044,-2.9716054777928775,502.9716054777929,0.08007586,9.294824
442,0.3415831783147484,-3.0431207290763496,503.04312072907635,0.04060089,3.0085351
443,0.3407635246881897,-2.8399545924253857,502.8399545924254,0.2711314,2.9480186
444,0.3399458971959813,-2.524777406819396,502.5247774068194,0.23836394,2.096814
445,0.33913029082964113,-3.590343071215443,503.59034307121544,0.1559596,2.2996354
446,0.33831670059306784,-5.134364853556633,505.13436485355663,0.05230811,2.1441207
447,0.33750512150251033,-4.330880734644893,504.3308807346449,0.054939378,7.4973044
448,0.3366955485865367,-2.2269940099989753,502.226994009999,0.079071894,4.4242973
449,0.3358879768860046,-4.817740326822616,504.8177403268226,0.038034074,7.076094
450,0.3350824014540298,-2.344468521215731,502.34446852121573,0.028458143,5.504487
451,0.33427881735595694,-3.1403569851905786,503.1403569851906,0.025617352,6.292492
452,0.3334772196693287,-4.880186831377046,504.88018683137705,0.036065795,4.59719
453,0.33267760348385567,-4.280275455171363,504.28027545517136,0.11011824,6.3710494
454,0.33187996390138647,-3.450898990309952,503.45089899030995,0.14727466,5.8318324
455,0.33108429603587763,-3.8127875165667433,503.81278751656674,0.026218418,3.8786561
456,0.3302905950133638,-3.922437540912597,503.9224375409126,0.06392657,6.8630085
457,0.3294988559719274,-2.854915107988461,502.85491510798846,0.054760233,8.537121
458,0.32870907406166977,-3.367152470771032,503.36715247077103,0.24171144,3.1591032
459,0.3279212444446805,-2.0760567911512453,502.07605679115125,0.051791504,5.1836205
460,0.3271353622950084,-1.9630903627291332,501.96309036272913,0.04084386,11.466967
461,0.3263514227986316,-3.727650195136789,503.7276501951368,0.049443297,2.925229
462,0.3255694211534283,-3.2686646349003468,503.26866463490035,0.062554836,5.3163457
463,0.3247893525691472,-3.4318471361038405,503.43184713610384,0.05722873,6.3037496
464,0.3240112122673783,-2.5395239109309955,502.539523910931,0.030218529,1.4467753
465,0.32323499548152346,-3.715234850533136,503.71523485053314,0.0729858,2.8390806
466,0.3224606974567672,-2.8429844840192686,502.84298448401927,0.062060997,2.6708472
467,0.3216883134500479,-2.8362320079868937,502.8362320079869,0.032786205,1.2576371
468,0.32091783873002827,-3.4510161482659782,503.451016148266,0.080131635,5.489491
469,0.3201492685770667,-3.2571894741021197,503.2571894741021,0.0354311,7.7013555
470,0.3193825982831883,-2.845809718006592,502.8458097180066,0.03292913,2.7384884
471,0.318617823152056,-4.972044278477654,504.97204427847765,0.050117023,2.6748195
472,0.3178549384989416,-2.5860790578051365,502.58607905780514,0.21110027,6.5841746
473,0.31709393965069754,-3.7055988176659866,503.705598817666,0.065455034,3.3042495
474,0.31633482194572776,-3.088508798272869,503.08850879827287,0.04415884,2.4999607
475,0.3155775807339596,-4.5507483702365334,504.55074837023653,0.06791635,5.174787
476,0.31482221137681493,-3.6148387663149606,503.61483876631496,0.03767386,6.543913
477,0.31406870924718194,-3.1589786494201917,503.1589786494202,0.053516768,13.112704
478,0.3133170697293869,-2.7308607421298348,502.73086074212983,0.038938813,10.823341
479,0.3125672882191656,-2.179158889173152,502.17915888917315,0.06432234,3.7202055
480,0.3118193601236352,-3.342314523425671,503.34231452342567,0.12454817,9.234405
481,0.31107328086126657,-2.401081590771298,502.4010815907713,0.23495662,6.7159843
482,0.31032904586185533,-5.0639236061392126,505.0639236061392,0.024834024,7.2037854
483,0.30958665056649476,-3.4735263574349915,503.473526357435,0.81711423,3.9488943
484,0.30884609042754746,-4.0195102129687825,504.0195102129688,0.13613051,5.5215077
485,0.30810736090861723,-2.857955094506565,502.85795509450656,0.28560978,3.4384248
486,0.30737045748452185,-4.188649068248196,504.1886490682482,0.23170131,5.9962835
487,0.306635375641265,-3.5904403897075667,503.59044038970757,0.19544525,2.358691
488,0.30590211087600855,-1.995954344274196,501.9959543442742,0.1766915,4.891617
489,0.30517065869704535,-3.803829761053805,503.8038297610538,0.067238964,4.021432
490,0.3044410146237713,-3.9139050744583415,503.91390507445834,0.46962374,4.138216
491,0.3037131741866581,-3.1703290659160643,503.17032906591606,0.06594896,7.514882
492,0.302987132927226,-3.7359653169602325,503.73596531696023,0.085739546,1.8664882
493,0.30226288639801624,-3.178445480522271,503.17844548052227,0.12671265,7.763173
494,0.30154043016256377,-3.2505303753235353,503.25053037532354,0.541152,3.1964602
495,0.3008197597953705,-4.434025632068824,504.4340256320688,0.07087838,4.2748146
496,0.3001008708818777,-4.411291262739326,504.4112912627393,0.08466431,5.6927505
497,0.2993837590184392,-3.0789305346137894,503.0789305346138,0.108904734,9.366746
498,0.29866841981229447,-2.780087691834467,502.78008769183447,0.07336675,7.1448436
499,0.29795484888154145,-3.6319343751454767,503.6319343751455,0.04435527,6.202108
500,0.2972430418551101,-3.185545897786369,503.18554589778637,0.089587815,9.565538
501,0.2965329943727351,-3.852354963678067,503.85235496367807,0.050457627,1.934448
502,0.2958247020849298,-3.597264137235527,503.5972641372355,0.16008481,4.1162977
503,0.2951181606529589,-3.3222817645125247,503.3222817645125,0.059843116,4.1435966
504,0.2944133657488125,-2.6513877888146453,502.65138778881465,0.06561999,4.908096
505,0.2937103130551789,-3.801516612602768,503.80151661260277,0.057336096,2.6705897
506,0.29300899826541893,-2.9795523177081122,502.9795523177081,0.03851871,9.614895
507,0.29230941708353886,-3.042260419298543,503.04226041929854,0.11691124,3.7977793
508,0.2916115652241647,-5.437493926513071,505.43749392651307,0.070339404,4.0072036
509,0.2909154384125153,-3.1623237071536323,503.16232370715363,0.058343656,4.375351
510,0.2902210323843767,-2.7153352853434285,502.71533528534343,0.049059197,5.994567
511,0.2895283428860758,-2.6394069224581926,502.6394069224582,0.0604572,6.884271
512,0.28883736567445434,-3.183574675953821,503.1835746759538,0.028330334,1.7545625
513,0.288148096516843,-4.7254006194417,504.7254006194417,0.059383385,2.7983158
514,0.28746053119103504,-3.608488534203275,503.6084885342033,0.03668754,3.4699798
515,0.28677466548526115,-2.5943034796144957,502.5943034796145,0.09701504,3.2328665
516,0.2860904951981629,-3.5219133174887247,503.5219133174887,0.070862696,5.1711025
517,0.28540801613876765,-3.546914636625729,503.54691463662573,0.053501114,2.7278137
518,0.2847272241264624,-4.572323546560256,504.57232354656026,0.05634132,7.0183973
519,0.28404811499096855,-5.230404064968241,505.23040406496824,0.16217707,3.416312
520,0.283370684572316,-3.0199691852697583,503.01996918526976,0.11350192,5.03803
521,0.282694928720818,-4.283802494154145,504.28380249415414,0.043852452,5.0102105
522,0.28202084329704535,-5.175283001813227,505.1752830018132,0.47057462,5.7105436
523,0.28134842417180156,-4.822732616013695,504.8227326160137,0.0846704,8.415056
524,0.2806776672260971,-2.5672555206719494,502.56725552067195,0.084547445,8.574598
525,0.2800085683511243,-3.423925280620608,503.4239252806206,0.06783833,2.3393042
526,0.27934112344823236,-3.9099583499859705,503.90995834998597,0.0314448,5.447779
527,0.2786753284289019,-3.810375474081127,503.8103754740811,0.072367676,1.0296854
528,0.2780111792147203,-3.964730729845769,503.96473072984577,0.058484275,9.334208
529,0.2773486717373564,-3.000495615083139,503.00049561508314,0.06255203,5.8096786
530,0.2766878019385358,-3.7310275605779566,503.73102756057796,0.051743962,2.8651156
531,0.27602856577001594,-2.4375448930883863,502.4375448930884,0.031481083,5.908637
532,0.2753709591935611,-3.5758537607866288,503.57585376078663,0.044186383,4.5093975
533,0.27471497818091795,-2.687424688692772,502.6874246886928,0.03997833,1.5149947
534,0.2740606187137907,-3.5699811425382677,503.56998114253827,0.060340382,5.9659657
535,0.2734078767838168,-3.213979123455715,503.2139791234557,0.07617634,4.0417986
536,0.2727567483925417,-2.8579131628196137,502.8579131628196,0.044391375,3.330949
537,0.2721072295513951,-4.491592060778544,504.49159206077854,0.0240631,15.509327
538,0.27145931628166614,-3.227293548071316,503.2272935480713,0.032753266,5.3061686
539,0.27081300461447905,-3.7550911226630888,503.7550911226631,0.031705018,5.188003
540,0.27016829059076886,-4.75627431261654,504.75627431261654,0.06848463,2.863186
541,0.26952517026125733,-2.3602433945560506,502.36024339455605,0.1220235,4.9432383
542,0.2688836396864283,-4.466028310777347,504.46602831077735,0.04407156,18.242458
543,0.2682436949365042,-2.6077274405153616,502.60772744051536,0.031216178,6.411121
544,0.2676053320914214,-2.984593287526934,502.98459328752693,0.05721344,2.6873307
545,0.2669685472408065,-3.6945691652595087,503.6945691652595,0.08568851,8.870224
546,0.2663333364839523,-1.7481323657372059,501.7481323657372,0.056897175,6.851684
547,0.265699695929794,-2.9310893650242633,502.93108936502426,0.059896085,6.65912
548,0.2650676216968851,-3.078128247765335,503.07812824776533,0.1220365,8.449465
549,0.26443710991337394,-2.8547270321941483,502.85472703219415,0.06792389,5.6345487
550,0.26380815671697977,-1.998720806853953,501.99872080685395,0.07991335,9.030383
551,0.2631807582549692,-3.1718182413350746,503.1718182413351,0.05026476,5.4497085
552,0.26255491068413267,-2.5272417418324835,502.5272417418325,0.0503657,16.779713
553,0.2619306101707607,-2.8900754223499803,502.89007542235,0.06303246,1.658926
554,0.2613078528906203,-2.5711957834700456,502.57119578347005,0.027657395,5.7183824
555,0.26068663502893213,-2.9324430401299537,502.93244304012995,0.061355814,3.206257
556,0.2600669527803466,-3.6023187607200953,503.6023187607201,0.035972018,3.8040717
557,0.25944880234892054,-2.6581714114958004,502.6581714114958,0.12512846,7.216615
558,0.25883217994809443,-4.632109419746143,504.63210941974614,0.14479116,2.7772853
559,0.25821708180066866,-2.54095537714943,502.54095537714943,0.1236564,8.012888
560,0.2576035041387808,-2.983905936324277,502.9839059363243,0.023576416,5.582108
561,0.25699144320388223,-3.219469486676303,503.2194694866763,0.05887919,5.883708
562,0.2563808952467152,-4.191508196361667,504.19150819636167,0.21701056,4.0277376
563,0.25577185652729006,-3.3539776276711564,503.35397762767116,0.07151876,6.596298
564,0.2551643233148621,-3.450571122963254,503.45057112296325,0.2168381,4.788363
565,0.25455829188790874,-3.5127912608339784,503.512791260834,0.06548819,5.2407513
566,0.25395375853410684,-2.2822266949351615,502.28222669493516,0.05760894,10.004729
567,0.2533507195503099,-2.5665155831572406,502.56651558315724,0.09263702,1.7824885
568,0.2527491712425254,-4.11301580208135,504.11301580208135,2.0173311,2.4339807
569,0.25214910992589196,-3.608515943506518,503.6085159435065,4.7780247,8.575074
570,0.2515505319246572,-4.432601186381021,504.432601186381,12.492671,6.0844674
571,0.25095343357215494,-3.717276015534992,503.717276015535,0.27278727,4.554207
572,0.2503578112107826,-5.935213995665208,505.9352139956652,0.38749027,3.662563
573,0.2497636611919792,-4.19615709611719,504.1961570961172,0.30960986,1.6018223
574,0.24917097987620257,-3.6059059729412297,503.60590597294123,0.10687128,1.6208975
575,0.24857976363290743,-7.018005745316657,507.01800574531666,0.12553853,6.0292683
576,0.24799000884052294,-3.8684673705951695,503.86846737059517,0.17212442,1.3456876
577,0.2474017118864305,-3.966732609614837,503.96673260961484,0.13509107,2.4842665
578,0.24681486916694179,-2.7986958073059327,502.79869580730593,0.091925465,3.0726318
579,0.24622947708727655,-3.1140272423967303,503.11402724239673,0.10233404,5.513723
580,0.24564553206154052,-3.3770546834928155,503.3770546834928,0.13207015,4.7095385
581,0.2450630305127037,-2.718338153404602,502.7183381534046,0.051987585,6.327966
582,0.24448196887257817,-3.1860903272427663,503.18609032724277,0.054514147,8.013658
583,0.24390234358179647,-3.6639992914153368,503.66399929141534,0.052001677,5.5075164
584,0.24332415108978955,-2.192364467466973,502.192364467467,0.060161643,5.909483
585,0.24274738785476524,-4.513037213516441,504.51303721351644,0.055452473,3.9756713
586,0.24217205034368644,-3.2505404411277823,503.2505404411278,0.066638894,2.9673219
587,0.24159813503224953,-2.977125610681412,502.9771256106814,0.047753178,6.647097
588,0.2410256384048627,-4.095722861234208,504.0957228612342,0.06303687,2.786292
589,0.24045455695462453,-3.104845135901485,503.1048451359015,0.02501026,4.269811
590,0.23988488718330245,-5.244742093732782,505.2447420937328,0.06603912,8.848926
591,0.23931662560131123,-3.147162571248316,503.1471625712483,0.05890321,7.0966067
592,0.23874976872769177,-4.204747579360969,504.20474757936097,0.25691363,6.251693
593,0.23818431309008967,-7.6825052410891885,507.6825052410892,0.057737857,6.9917045
594,0.23762025522473396,-2.358934512708686,502.3589345127087,0.051716756,5.2996163
595,0.2370575916764159,-5.919810252082584,505.9198102520826,0.051636975,9.45607
596,0.23649631899846787,-5.43601554924328,505.4360155492433,0.10459536,8.730123
597,0.2359364337527422,-3.5504442885089134,503.5504442885089,0.12936778,3.983845
598,0.23537793250958997,-4.047693122609189,504.0476931226092,0.062452205,12.257409
599,0.2348208118478403,-3.994876031714057,503.99487603171406,0.054254137,2.8963244
600,0.23426506835477923,-3.646167063865164,503.64616706386516,0.06638638,4.1410465
601,0.23371069862612873,-2.6876326417415157,502.6876326417415,0.43349627,2.8856823
602,0.23315769926602606,-2.1798868541338834,502.1798868541339,0.039122038,3.5503523
603,0.23260606688700275,-3.2713514260082093,503.2713514260082,0.052052733,4.7239814
604,0.23205579810996396,-3.9516453016017863,503.9516453016018,0.08646193,6.947021
605,0.23150688956416787,-3.4557603691209806,503.455760369121,0.03941695,2.9459143
606,0.2309593378872048,-3.8423179762730797,503.8423179762731,0.04930092,8.084862
607,0.2304131397249768,-2.3609310006727355,502.36093100067274,0.068365015,14.717184
608,0.229868291731677,-5.2556658121141595,505.25566581211416,0.050292905,4.656133
609,0.2293247905697693,-2.6128219074770413,502.61282190747704,0.09998056,3.1312466
610,0.22878263290996764,-3.767305308405412,503.7673053084054,0.053408973,4.5778728
611,0.22824181543121583,-2.8258341671751737,502.8258341671752,0.05608734,2.7681403
612,0.22770233482066707,-2.5894837111453626,502.58948371114536,0.053263217,6.7674317
613,0.22716418777366382,-3.3215366189672864,503.3215366189673,0.037645023,4.3661594
614,0.22662737099371735,-4.675469463066861,504.67546946306686,0.056896396,2.1789584
615,0.2260918811924877,-2.9416065171774903,502.9416065171775,0.078683436,11.90586
616,0.2255577150897635,-2.733874085395655,502.73387408539566,0.055196695,5.685263
617,0.2250248694134418,-4.922009723520262,504.92200972352026,0.104768746,3.6695442
618,0.2244933408995082,-2.3496165964894544,502.34961659648945,0.059824046,5.037531
619,0.22396312629201665,-3.0251992789042674,503.02519927890427,0.092495166,3.3546205
620,0.22343422234306964,-3.288247791426784,503.2882477914268,0.0702702,7.1758223
621,0.22290662581279827,-2.9249535706585448,502.92495357065854,0.025962098,3.9378822
622,0.22238033346934238,-3.9120951427862565,503.91209514278626,0.032654416,7.5893874
623,0.2218553420888308,-4.318064573112224,504.3180645731122,0.048664737,4.6745744
624,0.22133164845536155,-3.143568303024267,503.14356830302427,0.083139114,6.868102
625,0.22080924936098223,-2.5066377779179447,502.50663777791794,0.03295811,3.8577404
626,0.22028814160567017,-5.151560506459134,505.15156050645913,0.113138795,3.6742647
627,0.21976832199731314,-3.6501511935085205,503.6501511935085,0.13297121,4.019645
628,0.21924978735168946,-5.229664037923669,505.22966403792367,0.055930793,5.9970403
629,0.2187325344924487,-3.7063242909545693,503.70632429095457,0.050979175,2.3845441
630,0.2182165602510923,-3.1299550607187143,503.1299550607187,0.032132864,3.6944394
631,0.21770186146695383,-2.2226762616636506,502.22267626166365,0.04076525,7.863843
632,0.21718843498718,-3.527066801916419,503.5270668019164,0.024886822,5.6195307
633,0.21667627766671108,-2.373698605721529,502.37369860572153,0.05179718,6.133178
634,0.2161653863682618,-2.555595544052153,502.55559554405215,0.034658678,8.485982
635,0.21565575796230207,-4.249863378955297,504.2498633789553,0.055469383,6.7595983
636,0.2151473893270378,-3.469516342951465,503.46951634295147,0.060985744,6.1094165
637,0.21464027734839175,-2.951765073358956,502.95176507335896,0.07231559,2.410991
638,0.21413441891998453,-4.4440171720182775,504.4440171720183,0.052348778,6.1784916
639,0.21362981094311553,-3.5455868510509276,503.5455868510509,0.04594092,5.5693927
640,0.2131264503267439,-3.2978948068173395,503.29789480681734,0.032316133,2.3786395
641,0.21262433398746974,-2.226829166554012,502.226829166554,0.06560606,3.9819868
642,0.21212345884951508,-2.804369669664368,502.80436966966437,0.20387265,7.0600076
643,0.21162382184470505,-2.0316737843319856,502.031673784332,0.056122135,5.3674836
644,0.21112541991244915,-2.494452452264227,502.4944524522642,0.030073037,2.0219827
645,0.21062824999972252,-3.5344466044490446,503.53444660444904,0.12070979,1.3823595
646,0.21013230906104713,-4.8435356033613175,504.8435356033613,0.061844245,7.261514
647,0.20963759405847324,-3.2676747798980728,503.2676747798981,0.038657647,2.8816235
648,0.20914410196156072,-4.663187058066342,504.66318705806634,0.017485267,4.3082705
649,0.2086518297473605,-3.744006161224263,503.74400616122426,0.028420031,10.469615
650,0.20816077440039601,-4.327749127683717,504.3277491276837,0.08729577,5.294822
651,0.20767093291264488,-5.525196145751295,505.5251961457513,0.070104256,4.5395904
652,0.20718230228352025,-2.1155615333144624,502.11556153331446,0.09212748,4.116966
653,0.20669487951985263,-2.2612887819549314,502.26128878195493,0.04665681,11.396119
654,0.20620866163587143,-1.577716215235796,501.5777162152358,0.087168105,4.387526
655,0.2057236456531867,-1.6679714682859412,501.66797146828594,0.06327263,7.152397
656,0.2052398286007709,-4.304558040661789,504.3045580406618,0.03934541,7.033661
657,0.20475720751494067,-4.550989407890711,504.5509894078907,0.042869803,8.25047
658,0.20427577943933872,-2.3703704446070333,502.37037044460703,0.05983096,8.8478365
659,0.20379554142491565,-2.8927351002200226,502.89273510022,0.053542033,7.7193155
660,0.20331649052991205,-2.806252692749865,502.80625269274987,0.0511808,6.295023
661,0.20283862381984022,-2.621933273040554,502.62193327304055,0.45778644,5.427451
662,0.20236193836746644,-3.9197833870703676,503.91978338707037,0.03387715,2.4864814
663,0.20188643125279285,-2.5967629729802866,502.5967629729803,0.042928282,2.4916408
664,0.20141209956303974,-3.0479933294105876,503.0479933294106,0.14790578,4.311786
665,0.20093894039262755,-4.086360827399403,504.0863608273994,0.049492046,5.11608
666,0.20046695084315916,-3.2298369252241628,503.22983692522416,0.02289648,5.9402804
667,0.1999961280234021,-2.134686496770371,502.13468649677037,0.042179346,5.355046
668,0.19952646904927088,-2.8320014463313896,502.8320014463314,0.030053947,3.8399596
669,0.19905797104380926,-4.480169281812493,504.4801692818125,0.058043335,1.0874965
670,0.1985906311371727,-2.9627643717684577,502.96276437176846,0.055034738,4.31793
671,0.19812444646661068,-2.5849797817148783,502.5849797817149,0.18300807,3.520218
672,0.19765941417644933,-4.4289530865826805,504.4289530865827,0.021730091,5.7948456
673,0.19719553141807372,-5.173290252398431,505.17329025239843,0.05152145,3.423621
674,0.19673279534991064,-2.6447308506163267,502.6447308506163,0.08322102,3.843026
675,0.19627120313741095,-2.689018563744412,502.6890185637444,0.067541696,4.6990805
676,0.19581075195303244,-3.9560318054523123,503.9560318054523,0.023406032,6.460828
677,0.19535143897622237,-6.460836183503716,506.4608361835037,0.121497735,5.5830717
678,0.1948932613934003,-3.584666208799888,503.5846662087999,0.03476569,2.2085571
679,0.19443621639794068,-3.743378297604181,503.7433782976042,0.04532526,8.432733
680,0.19398030119015586,-2.6958230794020324,502.69582307940203,0.020172391,4.175673
681,0.19352551297727877,-4.275262653162997,504.275262653163,0.027194727,7.477151
682,0.19307184897344604,-2.496490368410889,502.4964903684109,0.12053439,8.467071
683,0.1926193063996806,-3.529477989571774,503.5294779895718,0.05842219,9.864856
684,0.192167882483875,-3.1847072867234942,503.1847072867235,0.029734313,5.529919
685,0.19171757446077414,-2.9497677641115843,502.9497677641116,0.0644781,3.676902
686,0.19126837957195858,-3.8164044197066005,503.8164044197066,0.06594549,2.4201155
687,0.19082029506582743,-2.5347930943737538,502.53479309437375,0.10759802,5.5042377
688,0.1903733181975817,-5.2705924824991826,505.2705924824992,0.07579413,5.9829464
689,0.1899274462292072,-2.99729155590137,502.99729155590137,0.088123955,7.552976
690,0.18948267642945818,-3.869246127657334,503.86924612765733,0.032298084,6.7016673
691,0.18903900607384017,-3.3006579674461705,503.30065796744617,0.13274205,14.49188
692,0.1885964324445936,-5.938615416688037,505.93861541668804,0.05383105,4.6972985
693,0.18815495283067696,-8.158833853176077,508.1588338531761,0.05885403,3.2611797
694,0.18771456452775037,-3.7038749115548626,503.70387491155486,0.045532465,5.851729
695,0.1872752648381588,-1.5604132742483898,501.5604132742484,0.08986814,6.3199105
696,0.18683705107091572,-2.6012899530917934,502.6012899530918,0.034370165,11.205443
697,0.18639992054168655,-5.468741856988061,505.46874185698806,0.041863367,7.133233
698,0.18596387057277228,-3.6667409862831732,503.6667409862832,0.02612185,5.862382
699,0.1855288984930929,-5.1600301469167675,505.16003014691677,0.031196482,10.697759
700,0.18509500163817125,-2.678919783747915,502.6789197837479,0.028139092,9.697006
701,0.18466217735011647,-2.7448647306923704,502.74486473069237,0.06163571,6.5814476
702,0.184230422977608,-1.8193962453386803,501.8193962453387,0.1197657,5.5778794
703,0.18379973587587908,-2.557564611507985,502.557564611508,0.020247102,5.5343266
704,0.1833701134067007,-2.684870701144632,502.68487070114463,0.02999787,12.407115
705,0.1829415529383654,-2.4493089104951764,502.4493089104952,0.05617308,3.4720116
706,0.18251405184567107,-4.508809162307045,504.50880916230705,0.04570563,14.357907
707,0.18208760750990505,-5.804598373220529,505.80459837322053,0.02815836,8.108017
708,0.18166221731882784,-3.0718958560546525,503.07189585605465,0.046753563,6.5973983
709,0.18123787866665741,-2.7291185251083334,502.72911852510833,0.03977336,5.615779
710,0.18081458895405295,-1.799096895149944,501.79909689514994,0.032154843,0.33675107
711,0.18039234558809902,-3.476530144744686,503.4765301447447,0.041134074,6.746819
712,0.1799711459822899,-2.9707388439687747,502.9707388439688,0.045497093,4.049828
713,0.17955098755651336,-4.333671583775242,504.33367158377524,0.040045835,12.196894
714,0.17913186773703513,-4.363431687575428,504.3634316875754,0.046387557,6.7065086
715,0.1787137839564831,-3.3153409938227014,503.3153409938227,0.029938985,4.3350205
716,0.17829673365383145,-2.231758482182272,502.2317584821823,0.033440582,7.997586
717,0.17788071427438512,-4.064250353721036,504.06425035372104,0.047804236,8.247091
718,0.17746572326976418,-2.379111773091438,502.37911177309144,0.028816475,5.1969194
719,0.17705175809788798,-3.646498303840133,503.64649830384013,0.10896972,5.30841
720,0.17663881622295985,-2.3891316099812343,502.38913160998123,0.044229478,5.4268847
721,0.17622689511545137,-4.219393992471339,504.21939399247134,0.025946235,6.2000475
722,0.17581599225208708,-1.6772020984999472,501.67720209849995,0.021556864,9.93086
723,0.17540610511582885,-2.665581737008779,502.6655817370088,0.060164146,9.680297
724,0.17499723119586047,-4.101415479360696,504.1014154793607,0.04534822,3.1962264
725,0.17458936798757238,-3.8238452937645206,503.8238452937645,0.046825603,8.164212
726,0.17418251299254622,-2.8290606646170886,502.8290606646171,0.10261661,3.482047
727,0.1737766637185396,-2.304196759503043,502.30419675950304,0.035165735,14.056137
728,0.17337181767947077,-4.6109947053664655,504.61099470536647,0.040141337,8.479711
729,0.17296797239540349,-4.4295480674665555,504.42954806746656,0.022495117,4.258493
730,0.17256512539253172,-5.78056346189544,505.78056346189544,0.04555604,6.726142
731,0.17216327420316455,-2.3121208210106943,502.3121208210107,0.13136093,6.966232
732,0.17176241636571093,-4.286579664213264,504.28657966421326,0.02441547,7.337205
733,0.1713625494246649,-3.582833849267672,503.5828338492677,0.03892433,11.554382
734,0.17096367093059026,-4.404596639140607,504.4045966391406,0.03766492,4.639295
735,0.17056577844010568,-4.689488599134506,504.6894885991345,0.10909452,7.95027
736,0.17016886951586974,-2.5099445085618868,502.5099445085619,0.019440513,5.737344
737,0.16977294172656596,-3.2936852106452648,503.29368521064526,0.043281384,7.053397
738,0.16937799264688794,-3.045033760738818,503.0450337607388,0.047870338,8.613839
739,0.1689840198575245,-3.1736575930873414,503.17365759308734,0.046793025,7.703744
740,0.16859102094514486,-2.9390020689793346,502.93900206897933,0.08250649,3.1074414
741,0.1681989935023838,-2.9828087318276175,502.9828087318276,0.13085319,3.2797358
742,0.16780793512782693,-3.0401514886474956,503.0401514886475,0.07172842,7.1389585
743,0.1674178434259962,-2.440142400604884,502.4401424006049,0.18527389,6.7578564
744,0.16702871600733482,-3.37051793905232,503.3705179390523,0.061755992,5.0409765
745,0.16664055048819293,-4.847027833653954,504.84702783365395,0.08754517,2.4681358
746,0.16625334449081297,-3.5835465987454995,503.5835465987455,0.103957124,1.0953932
747,0.16586709564331495,-1.4341151486061676,501.43411514860617,0.13987517,5.6279206
748,0.16548180157968204,-3.898863188100563,503.89886318810056,0.029995674,4.2751746
749,0.16509745993974612,-3.9647573323735514,503.96475733237355,0.049267862,5.8281918
750,0.16471406836917324,-4.346513760436437,504.34651376043644,0.10347532,9.007016
751,0.16433162451944916,-2.2534640560036223,502.2534640560036,0.02298287,5.116655
752,0.16395012604786513,-2.98965153012324,502.98965153012324,0.06293963,4.276345
753,0.16356957061750338,-3.2716051168912372,503.27160511689124,0.076076515,8.805029
754,0.16318995589722285,-3.122406655683619,503.1224066556836,0.021750774,10.457621
755,0.16281127956164493,-3.61889392034567,503.61889392034567,0.04775147,2.083537
756,0.16243353929113918,-4.641983698813249,504.64198369881325,0.05201708,4.332209
757,0.16205673277180918,-3.4657085453632135,503.4657085453632,0.05213742,6.485143
758,0.16168085769547838,-3.8675302168854273,503.8675302168854,0.2977914,4.1226416
759,0.16130591175967582,-2.3535302912208067,502.3535302912208,0.043946717,2.858023
760,0.16093189266762206,-5.911647465382146,505.91164746538215,0.0821588,6.297329
761,0.1605587981282153,-3.462077261715592,503.4620772617156,0.036704566,3.9481332
762,0.1601866258560171,-3.197256322606677,503.1972563226067,0.01780398,8.096055
763,0.15981537357123854,-3.562288485295369,503.56228848529537,0.14515531,7.8234296
764,0.15944503899972617,-3.2380716220309296,503.23807162203093,0.033537604,2.8160317
765,0.15907561987294813,-2.5665308958696755,502.5665308958697,0.16787244,2.292596
766,0.15870711392798026,-3.746434734554498,503.7464347345545,0.072287425,3.2714136
767,0.1583395189074921,-2.6632718945680836,502.6632718945681,0.048179254,5.3532634
768,0.1579728325597333,-3.446547444622638,503.44654744462264,0.03053016,5.3878546
769,0.15760705263851968,-3.3485204035844163,503.3485204035844,0.09246824,9.223456
770,0.1572421769032194,-4.6638626175198965,504.6638626175199,0.02715031,3.766603
771,0.15687820311873946,-7.369639455220749,507.36963945522075,0.07118544,9.327862
772,0.15651512905551176,-7.700407604256441,507.70040760425644,0.06906703,9.506614
773,0.15615295248947964,-1.545194186617607,501.5451941866176,0.047929153,3.4752505
774,0.1557916712020841,-5.981236483603766,505.98123648360377,0.13089895,2.2002456
775,0.1554312829802504,-4.571173874995566,504.57117387499557,0.04761324,1.2791718
776,0.15507178561637425,-2.2965034937207633,502.29650349372076,0.07580845,2.242888
777,0.15471317690830846,-3.4009506054203484,503.40095060542035,0.07696594,9.859933
778,0.1543554546593495,-3.8987121332288552,503.89871213322886,0.037713297,1.349828
779,0.15399861667822387,-4.3274337042468005,504.3274337042468,0.04850649,4.8144097
780,0.15364266077907482,-3.2667855561052193,503.2667855561052,0.040705316,5.637591
781,0.15328758478144883,-3.983126542290961,503.98312654229096,0.09742553,3.908832
782,0.15293338651028246,-2.546251727798392,502.5462517277984,0.089741066,13.516204
783,0.15258006379588876,-4.341004708819014,504.341004708819,0.024311595,6.910473
784,0.15222761447394417,-3.336212167805911,503.3362121678059,0.02611524,8.112059
785,0.15187603638547523,-2.3473913756819798,502.347391375682,0.028376114,11.0073805
786,0.15152532737684535,-4.314029147261635,504.31402914726164,0.03145497,8.632704
787,0.1511754852997415,-3.4466020055382387,503.44660200553824,0.068455175,5.5071845
788,0.15082650801116126,-4.046934917296937,504.04693491729694,0.18034819,3.810378
789,0.1504783933733995,-3.0890159139066213,503.0890159139066,0.04280256,9.025158
790,0.15013113925403537,-3.254229498775942,503.25422949877594,0.07881652,11.046259
791,0.1497847435259194,-3.6598158954578253,503.6598158954578,0.037265588,4.3681536
792,0.14943920406716002,-6.69320677556891,506.6932067755689,0.06612667,8.181655
793,0.14909451876111107,-6.009653023077078,506.0096530230771,0.18949555,3.3400998
794,0.1487506854963586,-2.693426284261193,502.6934262842612,0.02198892,25.955296
795,0.1484077021667078,-3.7630325673794687,503.76303256737947,0.10920128,4.203659
796,0.14806556667117038,-2.8909853123968787,502.8909853123969,0.14701821,3.9510787
797,0.14772427691395154,-4.052724011838052,504.05272401183805,0.1482482,1.055544
798,0.14738383080443712,-2.848121806748054,502.84812180674805,0.19368255,7.6775694
799,0.14704422625718086,-4.380937235705517,504.3809372357055,0.063559294,8.444
800,0.1467054611918916,-2.7138323859994102,502.7138323859994,0.023001533,2.8049886
801,0.1463675335334205,-3.4776861255517133,503.4776861255517,0.32552692,0.49646792
802,0.14603044121174844,-4.099267914264203,504.0992679142642,0.08464109,4.527888
803,0.14569418216197316,-3.3221827990110455,503.32218279901105,0.08278674,3.963786
804,0.14535875432429682,-3.217724033093873,503.2177240330939,0.045306753,6.0276957
805,0.1450241556440132,-5.132928324312161,505.13292832431216,0.1477226,4.449574
806,0.14469038407149518,-2.5123713160068633,502.51237131600686,0.04341747,17.424644
807,0.14435743756218228,-4.289512014980062,504.28951201498006,0.4194954,3.3893213
808,0.14402531407656793,-5.119722952144741,505.11972295214474,0.82963127,3.0787134
809,0.1436940115801873,-5.362958845901915,505.3629588459019,0.43841994,2.0705235
810,0.14336352804360436,-3.1591417673629394,503.15914176736294,9.939077,3.0902746
811,0.1430338614423999,-4.204852689243467,504.20485268924347,3.3807495,8.337744
812,0.14270500975715897,-1.9084149673243473,501.90841496732435,1.8870388,3.404898
813,0.14237697097345833,-5.347936221871635,505.34793622187163,0.8640187,9.754828
814,0.14204974308185447,-3.2196855480877957,503.2196855480878,0.09671706,3.1045277
815,0.141723324077871,-2.7208421777681338,502.72084217776813,0.3641674,1.7901204
816,0.14139771196198647,-3.1802617405414253,503.1802617405414,0.998069,3.979435
817,0.14107290473962214,-2.874174166071498,502.8741741660715,0.1986585,4.81493
818,0.14074890042112978,-3.3598278223794864,503.3598278223795,0.19872399,13.103808
819,0.1404256970217794,-2.667091736868713,502.6670917368687,0.14501943,9.6654415
820,0.14010329256174717,-2.8021242050260184,502.802124205026,0.078262344,2.3735557
821,0.13978168506610325,-1.593341408404001,501.593341408404,0.139617,5.168998
822,0.13946087256479975,-2.3664580638865687,502.36645806388657,0.13399363,5.680563
823,0.13914085309265858,-2.3084188082412425,502.30841880824124,0.16521463,2.9456077
824,0.13882162468935946,-3.2803205565560347,503.28032055655603,0.31817818,2.7699273
825,0.13850318539942788,-3.433637048879177,503.4336370488792,0.12160218,7.7195563
826,0.13818553327222316,-2.0537584428279843,502.053758442828,0.08480106,1.2911865
827,0.13786866636192655,-2.340798574725966,502.34079857472597,0.09534305,6.07623
828,0.13755258272752915,-2.460802586578609,502.4608025865786,0.14876655,10.298911
829,0.13723728043282016,-5.468972991150451,505.46897299115045,0.036510807,5.1008806
830,0.13692275754637498,-2.3111244313951147,502.3111244313951,0.03473629,5.7778807
831,0.13660901214154342,-3.481288351204853,503.48128835120485,0.03585986,6.9886866
832,0.1362960422964377,-2.714972534683966,502.71497253468397,0.12944867,3.440658
833,0.13598384609392103,-3.5065645481717524,503.50656454817175,0.05303026,2.6432428
834,0.13567242162159554,-4.434300724383775,504.4343007243838,0.04527132,2.664638
835,0.13536176697179067,-3.8031081003271083,503.8031081003271,0.046394087,2.081381
836,0.13505188024155165,-3.3049119509094567,503.30491195090946,0.5616829,1.7019507
837,0.13474275953262754,-3.4150802782814367,503.41508027828144,0.03150376,2.492515
838,0.13443440295145986,-2.1463006331239285,502.14630063312393,0.054109257,6.021941
839,0.13412680860917087,-1.6026769418021445,501.60267694180214,0.08133285,4.93044
840,0.13381997462155198,-3.254915732327447,503.25491573232745,0.29169554,8.125548
841,0.13351389910905234,-4.304280018429381,504.3042800184294,0.059999205,3.3381398
842,0.13320858019676712,-2.98469168776154,502.98469168776154,0.083809644,6.107385
843,0.13290401601442628,-5.473595983903351,505.47359598390335,0.09639503,10.507736
844,0.1326002046963828,-2.3189647287705952,502.3189647287706,0.06437447,5.606921
845,0.1322971443816016,-2.683538876603791,502.6835388766038,0.09689054,2.5336688
846,0.13199483321364788,-1.9031440020841046,501.9031440020841,0.047071874,2.0473459
847,0.1316932693406758,-2.042465541236652,502.04246554123665,0.09753545,4.3796034
848,0.1313924509154173,-2.7819179610482934,502.7819179610483,0.079772025,6.8601146
849,0.1310923760951705,-5.447381935357441,505.44738193535744,0.11572273,1.5567688
850,0.13079304304178865,-2.9553067812213385,502.95530678122134,0.1532103,4.8896546
851,0.1304944499216688,-2.9617620659308272,502.9617620659308,0.07744898,10.959798
852,0.13019659490574056,-3.5893986157375366,503.58939861573754,0.21375597,5.483545
853,0.1298994761694548,-5.407909448923192,505.4079094489232,0.100950986,7.0082154
854,0.12960309189277272,-4.807578618309833,504.80757861830983,0.12415129,8.634272
855,0.12930744026015437,-2.3137777907511463,502.31377779075115,0.06930483,15.220639
856,0.12901251946054784,-2.7097697058250105,502.709769705825,0.07520881,8.490034
857,0.12871832768737795,-2.0917458537742846,502.0917458537743,0.08285241,3.73343
858,0.12842486313853535,-3.0239307208335617,503.02393072083356,0.10084644,5.928446
859,0.1281321240163653,-2.708175821026316,502.7081758210263,0.1478017,4.0274053
860,0.12784010852765687,-3.7671291736240846,503.7671291736241,0.12284726,3.1291428
861,0.12754881488363168,-2.611931709820226,502.6119317098202,0.1549682,3.9975595
862,0.12725824129993324,-4.921803447009779,504.9218034470098,0.10098064,7.4962406
863,0.1269683859966158,-4.322845052000673,504.3228450520007,0.06163328,5.1110296
864,0.12667924719813362,-2.933228915576308,502.9332289155763,0.033661053,3.3782876
865,0.1263908231333299,-2.4930726148386952,502.4930726148387,0.09555963,2.605219
866,0.12610311203542607,-2.1068147877421097,502.1068147877421,0.120712124,3.5646772
867,0.12581611214201094,-3.298355031563972,503.298355031564,0.09616166,2.3138695
868,0.1255298216950299,-5.924178672040341,505.92417867204034,0.08192973,4.853927
869,0.12524423894077416,-3.068894781547101,503.0688947815471,0.020184694,2.0448031
870,0.12495936212986992,-2.196911448950459,502.19691144895046,0.036963306,4.9023066
871,0.1246751895172678,-2.454640727176013,502.454640727176,0.09307432,2.5909355
872,0.12439171936223208,-12.428099120236425,512.4280991202364,0.0500077,3.336995
873,0.12410894992832994,-3.6343455962262965,503.6343455962263,0.09971923,5.7624936
874,0.12382687948342104,-2.664684399868179,502.6646843998682,0.0226407,2.2673366
875,0.1235455062996467,-3.5364655824173497,503.53646558241735,0.044342853,3.9684494
876,0.12326482865341942,-3.209744265430686,503.2097442654307,0.029760033,5.267372
877,0.12298484482541236,-2.4273192381793365,502.42731923817934,0.05920548,6.22755
878,0.12270555310054866,-6.700934972929247,506.70093497292925,0.020943537,5.023968
879,0.1224269517679911,-3.6355787300492466,503.63557873004925,0.064050585,3.6920676
880,0.12214903912113152,-1.7668079273865374,501.76680792738654,0.091044605,7.104927
881,0.12187181345758039,-4.493376743642557,504.49337674364256,0.23467655,5.340321
882,0.12159527307915638,-5.56233001045797,505.56233001045797,0.11547694,3.6283972
883,0.12131941629187598,-1.8848549655012903,501.8848549655013,0.10685569,6.2268705
884,0.1210442414059431,-2.4959028719403022,502.4959028719403,0.2593143,7.436867
885,0.1207697467357387,-2.016476145343063,502.01647614534306,0.41382265,9.652779
886,0.12049593059981052,-2.372011498604195,502.3720114986042,0.14223443,1.6522845
887,0.12022279132086279,-4.709158329799891,504.7091583297999,0.12399297,3.651157
888,0.11995032722574575,-4.82663499281864,504.82663499281864,0.08722478,5.2293034
889,0.11967853664544573,-2.939720857043369,502.93972085704337,0.097532205,4.272385
890,0.11940741791507471,-4.011668992296393,504.0116689922964,0.044900145,7.4649334
891,0.11913696937386017,-3.189142917531683,503.1891429175317,0.043516457,12.138239
892,0.11886718936513492,-5.50552037680086,505.50552037680086,0.051563036,1.9187689
893,0.11859807623632694,-3.01148794863866,503.01148794863866,0.03534034,2.3102713
894,0.11832962833894928,-1.9940606636335474,501.99406066363355,0.07216179,4.5316873
895,0.11806184402858996,-4.867848559156698,504.8678485591567,0.08591828,6.6280046
896,0.11779472166490186,-2.6171005468095245,502.6171005468095,0.17938918,7.502827
897,0.11752825961159274,-2.4273787150502812,502.4273787150503,0.05382263,2.102159
898,0.11726245623641512,-5.17161570842012,505.1716157084201,0.19241309,4.554589
899,0.11699730991115641,-4.08279307886437,504.08279307886437,0.06898013,3.257728
900,0.1167328190116288,-2.718977837749378,502.7189778377494,0.059115488,5.834782
901,0.11646898191765938,-3.6951122763656485,503.69511227636565,0.09423131,8.633383
902,0.11620579701308023,-4.392177985670685,504.3921779856707,0.18617135,2.9499793
903,0.11594326268571853,-2.3340993998763224,502.3340993998763,0.020801637,3.198225
904,0.11568137732738659,-2.9258651824696926,502.9258651824697,0.049049236,4.863277
905,0.11542013933387209,-4.225679635148879,504.2256796351489,0.05668261,1.5373045
906,0.11515954710492826,-2.7050360503968136,502.7050360503968,0.102663465,6.815162
907,0.11489959904426397,-4.936173248330022,504.93617324833,0.10995437,2.8363585
908,0.1146402935595341,-3.4040716882781794,503.4040716882782,0.040615097,4.0756717
909,0.1143816290623297,-2.0654721823140108,502.065472182314,0.12785192,12.276878
910,0.11412360396816817,-3.0830733692400827,503.0830733692401,0.077123284,4.3602204
911,0.11386621669648382,-3.3446289763436425,503.34462897634364,0.13348609,5.6533985
912,0.1136094656706179,-2.8893835963472156,502.8893835963472,0.054058336,10.664595
913,0.11335334931780909,-4.194944465006813,504.1949444650068,0.039890185,5.3187156
914,0.11309786606918389,-4.368615781772974,504.368615781773,0.17490669,4.513013
915,0.1128430143597469,-4.860395436469389,504.8603954364694,0.07045247,9.355507
916,0.11258879262837135,-3.1405265604050783,503.1405265604051,0.08163901,8.134483
917,0.11233519931778943,-4.50804204969279,504.5080420496928,0.046099633,15.077217
918,0.11208223287458281,-2.7434973616450975,502.7434973616451,0.062488295,6.5263176
919,0.11182989174917315,-2.1086660936244925,502.1086660936245,0.040088937,8.961404
920,0.11157817439581258,-3.0377451803344684,503.03774518033447,0.064346805,4.589784
921,0.11132707927257413,-2.3840817994005192,502.3840817994005,0.15126169,5.3337
922,0.11107660484134252,-4.4993530817299074,504.4993530817299,0.03428736,7.666792
923,0.1108267495678045,-4.249735154302925,504.2497351543029,0.036893606,4.7435083
924,0.11057751192143958,-4.557873193993714,504.5578731939937,0.19402787,6.568189
925,0.11032889037551061,-3.0985003995447755,503.0985003995448,0.08772452,5.6489506
926,0.11008088340705448,-3.935093258568088,503.9350932585681,0.15444385,6.6770105
927,0.10983348949687273,-2.2057628075778553,502.20576280757786,0.059234884,7.233084
928,0.10958670712952223,-3.0385647444503547,503.03856474445035,0.03196492,6.923602
929,0.10934053479330601,-4.173653379640598,504.1736533796406,0.062509835,8.78416
930,0.10909497098026384,-2.2440014613537187,502.2440014613537,0.02724405,5.2057896
931,0.10885001418616316,-5.925818562201243,505.92581856220124,0.04114928,10.192959
932,0.10860566291048973,-2.925629044035759,502.92562904403576,0.024263771,4.056293
933,0.1083619156564385,-3.0708360774685275,503.0708360774685,0.025832947,4.7183027
934,0.10811877093090444,-4.368192481100323,504.3681924811003,0.059577838,12.891289
935,0.10787622724447336,-3.0616905443674227,503.0616905443674,0.018673925,6.1441903
936,0.10763428311141288,-4.272025349543242,504.27202534954324,0.05334516,7.1566424
937,0.10739293704966314,-2.5886458808439556,502.58864588084396,0.040068213,4.394646
938,0.10715218758082798,-7.505027305402791,507.5050273054028,0.030745499,3.566982
939,0.10691203323016564,-4.01055978964672,504.0105597896467,0.060072113,8.500332
940,0.10667247252657992,-2.8093583145106322,502.80935831451063,0.10584737,2.9924328
941,0.106433504002611,-3.116827293412314,503.1168272934123,0.03373819,6.772071
942,0.10619512619442657,-4.4889556734704,504.4889556734704,0.03302304,7.3084846
943,0.10595733764181284,-3.671730194168333,503.67173019416833,0.049324334,11.471794
944,0.10572013688816555,-3.2218548011454686,503.22185480114547,0.08398605,3.1762938
945,0.1054835224804811,-2.9236993603848873,502.9236993603849,0.01697079,4.658037
946,0.10524749296934761,-2.260972311366004,502.260972311366,0.0921943,5.0797205
947,0.10501204690893609,-5.231859010721223,505.2318590107212,0.027219322,4.7792087
948,0.1047771828569915,-3.73404704103001,503.73404704103,0.029483201,3.4452846
949,0.10454289937482401,-5.7844177045394645,505.78441770453946,0.3909501,2.9985876
950,0.10430919502730013,-2.5525018200630143,502.552501820063,0.034159925,4.300449
951,0.10407606838283394,-2.6491000757819165,502.6491000757819,0.070950046,4.0730834
952,0.10384351801337832,-3.132007795896527,503.1320077958965,0.059735388,16.379
953,0.10361154249441616,-3.444235049558813,503.4442350495588,0.024674322,8.6064415
954,0.10338014040495172,-2.787376178632428,502.7873761786324,0.043940097,5.774782
955,0.10314931032750184,-3.009448736223362,503.00944873622336,0.037393104,3.348665
956,0.10291905084808729,-2.9619594860126313,502.96195948601263,0.09196328,1.4136852
957,0.10268936055622417,-3.1090097794269695,503.10900977942697,0.076340735,2.4706657
958,0.10246023804491512,-2.64728266799591,502.6472826679959,0.07767707,5.51293
959,0.10223168191064087,-4.106016535282947,504.10601653528295,0.047635186,7.9369216
960,0.10200369075335153,-2.677798881957699,502.6777988819577,0.11971397,5.020217
961,0.10177626317645806,-3.38834771048505,503.38834771048505,0.049902122,8.979562
962,0.10154939778682368,-3.170382876644453,503.17038287664445,0.109470166,4.4997587
963,0.10132309319475538,-2.689066202008064,502.68906620200806,0.37584516,7.8023725
964,0.1010973480139954,-6.252985135299014,506.252985135299,0.045213867,3.8678446
965,0.1008721608617127,-3.4848160461862108,503.4848160461862,0.19766016,7.134215
966,0.10064753035849454,-1.7578424061665032,501.7578424061665,0.032798328,5.671705
967,0.10042345512833797,-3.3378518959431176,503.3378518959431,0.03234586,23.335184
968,0.10019993379864148,-2.269728822273237,502.26972882227324,0.08350178,1.9301263
969,0.09997696500019651,-4.074665362479436,504.07466536247944,0.055920742,12.296289
970,0.09975454736717912,-3.2608869153397677,503.26088691533977,0.106943846,5.822007
971,0.09953267953714161,-2.055623576906612,502.0556235769066,0.09326993,5.112234
972,0.09931136015100414,-3.958254610657775,503.9582546106578,0.05439259,6.856195
973,0.09909058785304649,-2.5480311720333475,502.54803117203335,0.026438465,2.443698
974,0.0988703612908996,-4.314330107460535,504.31433010746053,0.066839755,2.0305674
975,0.09865067911553752,-6.369122683383296,506.3691226833833,0.042842604,23.243546
976,0.09843153998126893,-1.9523385051831497,501.95233850518315,0.051353972,8.772854
977,0.09821294254572892,-3.746048232274461,503.74604823227446,0.046932466,10.61952
978,0.09799488546987092,-2.853687693032498,502.8536876930325,0.066350825,7.4614396
979,0.09777736741795838,-4.736652942162834,504.73665294216283,0.07267814,2.0810652
980,0.09756038705755662,-2.7375523707350453,502.73755237073505,0.028364347,7.235183
981,0.09734394305952461,-2.6602078897253136,502.6602078897253,0.03222397,4.3092113
982,0.09712803409800692,-3.748221689580646,503.74822168958065,0.07629896,2.0703409
983,0.09691265885042556,-5.544533286739579,505.5445332867396,0.0964851,5.615513
984,0.09669781599747185,-6.369393852267024,506.369393852267,0.06901151,10.274647
985,0.09648350422309833,-3.7163105618149075,503.7163105618149,0.06451018,6.972683
986,0.09626972221451081,-2.67370472335125,502.67370472335125,0.12778229,1.7813891
987,0.0960564686621602,-1.6452761531265878,501.6452761531266,0.07969168,11.647928
988,0.09584374225973452,-2.5782938046346544,502.57829380463465,0.28229368,4.7267165
989,0.09563154170415096,-6.0907445778175315,506.09074457781753,13.956255,0.76002383
990,0.0954198656955478,-4.1690521083878025,504.1690521083878,0.13976464,2.1267414
991,0.09520871293727656,-4.0559564277521645,504.05595642775216,0.19225046,5.6578217
992,0.09499808213589395,-3.647564858983401,503.6475648589834,0.53646255,4.4194636
993,0.09478797200115399,-3.2956744048907467,503.29567440489075,0.44706824,5.817441
994,0.09457838124600015,-3.041246509136613,503.0412465091366,0.23128016,5.8871017
995,0.09436930858655743,-4.529329995970443,504.52932999597044,0.15601103,5.806165
996,0.0941607527421244,-2.187465889621592,502.1874658896216,0.07299681,9.838549
997,0.09395271243516556,-8.226714493523332,508.22671449352333,0.39019653,9.473724
998,0.09374518639130337,-3.5489061166735496,503.54890611667355,0.1924591,9.217403
999,0.09353817333931042,-4.322293554595831,504.32229355459583,0.08176684,6.538266
1000,0.09333167201110174,-5.9427124245208915,505.9427124245209,0.08788243,7.9584827
1001,0.09312568114172701,-3.12213340058247,503.12213340058247,0.055113897,3.2834244
1002,0.09292019946936275,-4.227855426029237,504.22785542602924,0.15034603,4.8166513
1003,0.09271522573530465,-2.9682671971725654,502.96826719717257,0.10402056,4.4343777
1004,0.09251075868395983,-2.774231750029969,502.77423175002997,0.6467496,4.218438
1005,0.0923067970628392,-6.329488793181781,506.3294887931818,0.12660038,3.2932932
1006,0.09210333962254968,-3.6827505906227316,503.68275059062273,0.18444519,5.0101266
1007,0.09190038511678668,-3.276794721614351,503.27679472161435,0.061938427,3.0732934
1008,0.09169793230232634,-2.263155172586721,502.2631551725867,0.12017674,2.706383
1009,0.09149597993901805,-2.5662525667759724,502.566252566776,0.106263705,2.4305012
1010,0.09129452678977669,-4.506855083124435,504.50685508312444,0.47552663,3.6376426
1011,0.0910935716205752,-6.76168793365315,506.76168793365315,0.08619942,4.553601
1012,0.09089311320043694,-3.8530555795641135,503.8530555795641,0.13351054,7.6976557
1013,0.09069315030142817,-3.3506296211798485,503.35062962117985,0.10110224,6.365047
1014,0.09049368169865056,-4.0121077663060305,504.01210776630603,0.49577942,9.574065
1015,0.0902947061702336,-3.796713844898477,503.7967138448985,0.14699686,3.3784528
1016,0.0900962224973272,-3.4494052532227784,503.4494052532228,0.056372743,5.5879836
1017,0.08989822946409419,-4.451154584888911,504.4511545848889,0.059055276,3.7428992
1018,0.08970072585770286,-4.122741069789129,504.12274106978913,0.034215473,3.8361435
1019,0.08950371046831959,-2.6093939391906247,502.6093939391906,0.059430853,5.924133
1020,0.08930718208910138,-1.858750896001311,501.8587508960013,0.07941631,4.880199
1021,0.08911113951618843,-3.0686767043488885,503.0686767043489,0.0763583,3.686038
1022,0.08891558154869685,-3.6492646038496446,503.64926460384964,0.049441,6.195787
1023,0.08872050698871126,-2.1723007241966457,502.17230072419665,0.04305599,2.305561
1024,0.08852591464127746,-2.886944339879392,502.8869443398794,0.047860228,5.371914
1025,0.08833180331439507,-2.229357073645076,502.2293570736451,0.038604334,5.2457237
1026,0.08813817181901029,-4.47511764785861,504.4751176478586,0.07970914,8.321192
1027,0.0879450189690086,-2.7476153622820902,502.7476153622821,0.0803123,13.533468
1028,0.08775234358120747,-2.9735932628149158,502.9735932628149,0.04444471,3.7918231
1029,0.08756014447534911,-4.6042642638168445,504.60426426381684,0.09989335,5.7843213
1030,0.08736842047409327,-4.02077721217421,504.0207772121742,0.043244325,4.772633
1031,0.08717717040301003,-5.429970458908713,505.4299704589087,0.07979621,7.57221
1032,0.08698639309057257,-3.143784222311126,503.1437842223111,0.13781708,7.3935046
1033,0.08679608736815002,-4.292130992320153,504.29213099232015,0.057494357,8.633601
1034,0.08660625207000028,-4.104432743688221,504.1044327436882,0.20850667,9.0773535
1035,0.08641688603326293,-3.062349587945164,503.06234958794516,0.059636842,8.777657
1036,0.08622798809795203,-3.343505436471446,503.34350543647145,0.028547015,7.377497
1037,0.08603955710694909,-2.710618545632258,502.71061854563226,0.05854096,4.9656787
1038,0.08585159190599591,-4.375891823198572,504.3758918231986,0.033345595,6.875605
1039,0.0856640913436876,-4.792855053240601,504.7928550532406,0.033395097,5.590988
1040,0.08547705427146542,-2.305801071443625,502.3058010714436,0.038067695,5.15204
1041,0.08529047954360983,-1.9457594262460702,501.94575942624607,0.043644436,2.5716972
1042,0.08510436601723341,-3.5500556712460707,503.55005567124607,0.03523844,7.000628
1043,0.08491871255227393,-4.850253612378026,504.850253612378,0.12658678,3.0491436
1044,0.08473351801148729,-2.536125740596958,502.53612574059696,0.45501813,8.949931
1045,0.0845487812604406,-3.890402386359426,503.8904023863594,0.049454488,6.2120442
1046,0.08436450116750524,-3.202779698789527,503.2027796987895,0.042282637,8.509979
1047,0.08418067660384987,-2.8436636868873393,502.84366368688734,0.06598282,2.4432857
1048,0.08399730644343359,-3.345231026995407,503.3452310269954,0.033410393,2.8222976
1049,0.08381438956299897,-5.214265571536771,505.21426557153677,0.12286845,9.358041
1050,0.08363192484206522,-2.7148435522647105,502.7148435522647,0.15066043,6.237618
1051,0.08344991116292133,-2.8431960755625596,502.84319607556256,0.06559422,11.824895
1052,0.0832683474106192,-3.723492361993351,503.72349236199335,0.103885636,6.2862544
1053,0.08308723247296676,-2.44085857745614,502.44085857745614,0.18558122,3.6119688
1054,0.0829065652405213,-2.412322103165252,502.41232210316525,0.6578035,7.195758
1055,0.08272634460658249,-5.329216661353996,505.329216661354,0.35515308,6.8950686
1056,0.08254656946718578,-10.551320850432148,510.55132085043215,0.76283145,5.1025767
1057,0.08236723872109551,-5.169272590434389,505.1692725904344,0.20132518,0.9043914
1058,0.08218835126979822,-3.11784415190715,503.11784415190715,0.15828642,2.7731156
1059,0.08200990601749591,-3.569666199954497,503.5696661999545,0.13471013,9.535815
1060,0.08183190187109932,-3.620557671365418,503.6205576713654,0.08001013,3.6425865
1061,0.08165433774022124,-3.4095388391513097,503.4095388391513,0.10000472,8.479131
1062,0.08147721253716984,-6.478355034899664,506.47835503489966,0.39443147,8.988472
1063,0.08130052517694199,-3.8375408727792433,503.83754087277924,0.107054174,4.536934
1064,0.08112427457721663,-2.41404338818586,502.41404338818586,0.1225257,10.362691
1065,0.08094845965834817,-2.802756660395744,502.80275666039574,0.21308996,3.5548186
1066,0.08077307934335973,-2.466656689283923,502.4666566892839,0.0712041,8.889054
1067,0.08059813255793673,-6.289303561901818,506.2893035619018,0.04806716,6.5607133
1068,0.08042361823042024,-5.44838504806421,505.4483850480642,0.043682307,8.634903
1069,0.08024953529180039,-4.403507096130511,504.4035070961305,0.076241285,8.201938
1070,0.08007588267570982,-2.323978995712821,502.3239789957128,0.10339074,8.317189
1071,0.07990265931841718,-4.547119631154544,504.54711963115454,0.08197902,6.0561967
1072,0.07972986415882062,-4.079683237797724,504.0796832377977,0.067940086,13.320612
1073,0.07955749613844124,-2.401077071819145,502.40107707181915,0.028585322,5.415807
1074,0.07938555420141664,-3.227935141184446,503.22793514118445,0.09159058,9.336958
1075,0.07921403729449446,-6.049061319455575,506.0490613194556,0.045907177,5.884294
1076,0.07904294436702593,-2.082269676054466,502.08226967605447,0.05324541,4.610559
1077,0.07887227437095935,-3.1826683594275664,503.18266835942757,0.061039608,7.419524
1078,0.07870202626083384,-3.824146778456168,503.82414677845617,0.058660544,4.4075637
1079,0.07853219899377276,-5.296876187154169,505.29687618715417,0.078364976,5.930524
1080,0.07836279152947745,-3.7504461641671583,503.75044616416716,0.06641315,4.0131216
1081,0.07819380283022076,-2.9665646555829426,502.96656465558294,0.16341104,4.227787
1082,0.07802523186084077,-3.4461396198629473,503.44613961986295,0.13268209,2.8354616
1083,0.07785707758873442,-3.177599148989657,503.17759914898966,0.09786237,3.853088
1084,0.07768933898385115,-5.394685722088525,505.3946857220885,0.06846766,7.933978
1085,0.07752201501868666,-3.4954935335036907,503.4954935335037,0.039873503,2.8789625
1086,0.07735510466827654,-4.618499883288166,504.61849988328817,0.19694503,4.71475
1087,0.0771886069101901,-3.2979415725055787,503.2979415725056,0.018396966,2.836564
1088,0.07702252072452392,-1.987946205232788,501.9879462052328,0.15876839,7.528198
1089,0.07685684509389586,-2.1724726225241966,502.1724726225242,0.18030846,4.6342387
1090,0.07669157900343856,-7.586382219108884,507.5863822191089,0.084721796,7.2116737
1091,0.07652672144079345,-2.553100124406342,502.55310012440634,0.043297973,1.3802671
1092,0.0763622713961044,-4.187171329415662,504.18717132941566,0.016863715,8.677066
1093,0.07619822786201157,-4.339948810847432,504.33994881084743,0.42838505,5.9137774
1094,0.07603458983364529,-4.184130590250618,504.1841305902506,0.04631565,2.633935
1095,0.07587135630861983,-2.82934033590999,502.82934033591,0.027238999,2.5858064
1096,0.07570852628702734,-4.06506281959787,504.06506281959787,0.41808394,3.4914658
1097,0.07554609877143166,-2.306649686301512,502.3066496863015,0.071119145,2.6896882
1098,0.07538407276686222,-2.876366146586861,502.87636614658686,0.05883105,2.6873693
1099,0.07522244728080799,-3.3377689554370136,503.337768955437,0.031550147,2.964828
1100,0.07506122132321132,-2.382688722521948,502.38268872252195,0.030250985,2.756017
1101,0.07490039390646196,-4.062262854424375,504.0622628544244,0.061842974,5.1939945
1102,0.07473996404539096,-3.973649336883568,503.97364933688357,0.052054897,7.597491
1103,0.07457993075726467,-4.47485719234686,504.47485719234686,0.038153995,4.8578424
1104,0.07442029306177865,-5.9294011613218345,505.92940116132183,0.029932352,1.5982575
1105,0.07426104998105175,-2.7351396189218917,502.7351396189219,0.051961623,6.124225
1106,0.07410220053962008,-2.5931467177721856,502.5931467177722,0.037953824,7.2646403
1107,0.07394374376443105,-4.042780807618101,504.0427808076181,0.24936545,4.2740293
1108,0.07378567868483736,-2.495067107431737,502.49506710743174,0.14058417,5.562807
1109,0.0736280043325911,-2.090588411784381,502.0905884117844,0.07622746,9.46731
1110,0.07347071974183786,-3.1743025024877056,503.1743025024877,0.199932,3.931916
1111,0.0733138239491107,-3.1708196520925753,503.1708196520926,0.098685324,2.5855262
1112,0.07315731599332435,-2.7357085840147874,502.7357085840148,0.09393051,9.891391
1113,0.07300119491576927,-2.6235454325681076,502.6235454325681,0.039591342,5.4794655
1114,0.0728454597601058,-4.192042052739396,504.1920420527394,0.09018163,4.4640718
1115,0.07269010957235827,-4.861900497880697,504.8619004978807,0.11193036,6.121111
1116,0.07253514340090923,-3.1316575373140836,503.1316575373141,0.11417551,5.1747193
1117,0.07238056029649353,-3.534193464819282,503.5341934648193,0.03869618,7.9851284
1118,0.07222635931219257,-2.0189463137731423,502.01894631377314,0.046374522,3.3223958
1119,0.07207253950342843,-4.4065600256471384,504.40656002564714,0.035992168,3.3223825
1120,0.07191909992795818,-1.6354651877099968,501.63546518771,0.06106172,5.329248
1121,0.07176603964586807,-4.220500131042343,504.22050013104234,0.02019919,5.0032415
1122,0.07161335771956769,-2.127297315844544,502.12729731584454,0.055596635,3.857276
1123,0.07146105321378435,-2.6324144734649053,502.6324144734649,0.4158278,8.126767
1124,0.07130912519555728,-3.422729600931632,503.42272960093163,0.05256231,8.508579
1125,0.07115757273423196,-3.0771156128390658,503.07711561283907,0.02460264,4.5859327
1126,0.07100639490145434,-2.1522840808084425,502.15228408080844,0.040038086,8.758109
1127,0.07085559077116527,-2.4407252230043355,502.44072522300434,0.035918303,4.3681746
1128,0.0707051594195947,-1.8461596674683278,501.8461596674683,0.047375996,4.4373116
1129,0.07055509992525612,-3.5094051592753885,503.5094051592754,0.03843608,13.75885
1130,0.07040541136894087,-1.920988832812327,501.9209888328123,0.037154425,7.7709026
1131,0.07025609283371254,-2.7630981828062318,502.76309818280623,0.029485894,4.816734
1132,0.07010714340490126,-5.085921547337421,505.0859215473374,0.112531,4.9866447
1133,0.06995856217009827,-3.157139454700257,503.15713945470026,0.04122697,3.6617498
1134,0.06981034821915016,-3.03398701845083,503.03398701845083,0.047431193,2.2239392
1135,0.06966250064415339,-4.988484295175226,504.9884842951752,0.10365707,10.862527
1136,0.06951501853944866,-4.0715542964136375,504.07155429641364,0.040409613,16.100859
1137,0.0693679010016155,-3.487879725660207,503.4878797256602,0.057093255,4.1501617
1138,0.06922114712946655,-2.4485437566071937,502.4485437566072,0.031226872,5.362078
1139,0.06907475602404214,-5.443593628284702,505.4435936282847,0.09505723,7.3512225
1140,0.06892872678860484,-3.569301329940174,503.5693013299402,0.058666278,2.9029176
1141,0.06878305852863385,-3.475098598194336,503.47509859819434,0.21802261,1.9800757
1142,0.06863775035181957,-3.6129176860554253,503.6129176860554,0.35463756,3.2260597
1143,0.06849280136805815,-4.464049005989864,504.46404900598986,0.018397655,5.0357823
1144,0.06834821068944599,-5.326299736051681,505.3262997360517,0.060821652,4.525098
1145,0.0682039774302744,-4.106834176324867,504.10683417632487,0.048175048,2.936522
1146,0.06806010070702406,-3.6865162962903355,503.68651629629034,0.014987836,2.5600786
1147,0.06791657963835966,-4.8149688293042345,504.81496882930423,0.015786134,8.641799
1148,0.0677734133451245,-2.553606317274557,502.55360631727456,0.05738961,3.9539082
1149,0.06763060095033514,-3.6459443604892954,503.6459443604893,0.033368245,2.4808528
1150,0.06748814157917592,-3.8816909019044488,503.88169090190445,0.3150312,4.291113
1151,0.06734603435899371,-1.8715894370812407,501.87158943708124,0.059112076,11.649791
1152,0.06720427841929255,-2.979610469010481,502.9796104690105,0.033266198,5.63714
1153,0.06706287289172826,-3.7371342366382123,503.7371342366382,0.11205671,7.197534
1154,0.06692181691010318,-1.605419030307985,501.605419030308,0.028098583,6.9207063
1155,0.06678110961036078,-5.718515180536485,505.7185151805365,0.08202727,10.243295
1156,0.06664075013058049,-2.7638332192269104,502.7638332192269,0.103473514,5.3131437
1157,0.06650073761097233,-2.144368472038991,502.144368472039,0.013267844,18.738739
1158,0.06636107119387166,-6.587282781915405,506.5872827819154,0.0272822,17.960184
1159,0.06622175002373397,-4.5428080032102685,504.54280800321027,0.090246186,5.185575
1160,0.06608277324712958,-4.190739623586865,504.19073962358686,0.072280616,8.3742075
1161,0.06594414001273842,-3.02674120785764,503.02674120785764,0.04200706,10.3341255
1162,0.06580584947134485,-4.8280113054627805,504.8280113054628,0.052419722,7.215372
1163,0.06566790077583247,-2.4451408531663787,502.4451408531664,0.039723262,15.604107
1164,0.06553029308117883,-2.3424931426124544,502.34249314261245,0.06554313,2.780046
1165,0.0653930255444504,-3.256204909095402,503.2562049090954,0.034644745,6.7367544
1166,0.06525609732479727,-2.9407653568376872,502.9407653568377,0.07347801,2.3922791
1167,0.0651195075834481,-2.9748986353570217,502.974898635357,0.047486655,4.785192
1168,0.06498325548370493,-2.8393012490590195,502.839301249059,0.04706092,1.8986287
1169,0.06484734019093806,-3.7662650344300346,503.76626503443003,0.06300661,4.8145485
1170,0.06471176087258096,-3.8983729794093165,503.8983729794093,0.06688975,4.1732492
1171,0.06457651669812513,-5.012057680096859,505.01205768009686,0.057057485,8.675804
1172,0.06444160683911505,-4.478091649044529,504.47809164904453,0.06840804,18.562845
1173,0.0643070304691431,-2.87932559254466,502.87932559254466,0.09680542,7.40453
1174,0.0641727867638445,-4.5458322976496675,504.54583229764967,0.07557905,3.8753579
1175,0.06403887490089219,-2.5845068063678127,502.5845068063678,0.13920145,6.8419313
1176,0.06390529405999194,-5.658257741163197,505.6582577411632,0.08456931,8.690817
1177,0.06377204342287716,-2.6156540922348768,502.6156540922349,0.15082374,6.4649034
1178,0.06363912217330403,-3.145076569132698,503.1450765691327,0.04265733,3.5239015
1179,0.06350652949704638,-3.781877988022586,503.7818779880226,0.07572355,2.5924587
1180,0.0633742645818908,-4.99501138394487,504.99501138394487,0.015772156,3.8107803
1181,0.06324232661763159,-3.174613163149729,503.17461316314973,0.031067917,4.385538
1182,0.06311071479606585,-5.385622419026731,505.38562241902673,0.2140995,5.7638855
1183,0.06297942831098852,-3.2779769879400646,503.27797698794006,0.06212789,2.868247
1184,0.06284846635818739,-4.071167372372713,504.0711673723727,0.061338615,9.575492
1185,0.06271782813543825,-3.0162298126041946,503.0162298126042,0.028889943,2.4379601
1186,0.06258751284249993,-4.062357384521647,504.06235738452165,0.10879919,6.824733
1187,0.0624575196811094,-3.3306282821594095,503.3306282821594,0.05574469,4.1892204
1188,0.0623278478549769,-2.128407609379906,502.1284076093799,0.02856538,2.758849
1189,0.06219849656978105,-4.632076569142441,504.63207656914244,0.11335498,3.742746
1190,0.06206946503316396,-2.9143396585448613,502.91433965854486,0.055308845,7.194826
1191,0.061940752454726446,-3.498922138392061,503.49892213839206,0.054177813,4.7434907
1192,0.06181235804602309,-3.5756432905193947,503.5756432905194,0.023625782,10.931176
1193,0.06168428102055751,-2.9066415692241776,502.9066415692242,0.17124633,5.686277
1194,0.06155652059377747,-2.530710244763668,502.53071024476367,0.025589697,4.4054484
1195,0.061429075983070104,-2.7211842180888652,502.72118421808887,0.18808354,6.7277513
1196,0.06130194640775712,-4.128035749631863,504.12803574963186,0.052348148,30.806976
1197,0.06117513108909003,-2.788587258498751,502.78858725849875,0.13849221,6.041153
1198,0.061048629250245325,-2.788070773798097,502.7880707737981,0.044422045,7.402514
1199,0.06092244011631981,-3.056786421321192,503.0567864213212,0.030858546,1.4090164
1200,0.06079656291432575,-2.8406943926754593,502.84069439267546,0.09526524,4.13053
1201,0.060670996873186236,-3.2538466791917244,503.2538466791917,0.029153343,2.3532045
1202,0.060545741223730395,-1.9818265260341832,501.9818265260342,0.037326656,4.087649
1203,0.06042079519868868,-3.114440532628521,503.1144405326285,0.14493746,6.8079376
1204,0.06029615803268822,-4.027629423525923,504.0276294235259,0.03714795,5.666725
1205,0.06017182896224809,-2.9176896198549684,502.91768961985497,0.032718018,5.588342
1206,0.06004780722577462,-3.840102477189646,503.84010247718965,0.03210542,16.00752
1207,0.0599240920635568,-3.2647961644709085,503.2647961644709,0.049761724,5.412691
1208,0.05980068271776152,-2.206600956017269,502.20660095601727,0.04819323,3.7497423
1209,0.059677578432429046,-2.4752287120754204,502.4752287120754,0.108673155,2.4474206
1210,0.05955477845346829,-5.1281435297680105,505.128143529768,0.08648252,7.641913
1211,0.05943228202865226,-3.010549972498211,503.0105499724982,0.042932935,6.073509
1212,0.0593100884076134,-4.080895273612839,504.08089527361284,0.1727104,3.0759757
1213,0.059188196841839034,-2.3691360181963432,502.36913601819634,0.03369246,6.268748
1214,0.059066606584666746,-2.7590317875223036,502.7590317875223,0.02996869,4.6505313
1215,0.05894531689127985,-2.1662900423883116,502.1662900423883,0.10662692,5.23791
1216,0.0588243270187028,-3.298317547094939,503.29831754709494,0.08974382,4.8585258
1217,0.0587036362257966,-1.8418241207776305,501.84182412077763,0.07618473,0.9764967
1218,0.058583243773254357,-3.611645093022389,503.6116450930224,0.05376255,2.5503807
1219,0.058463148923596664,-3.1809960104468473,503.18099601044685,0.05805639,5.5323935
1220,0.05834335094116713,-3.6020679720866156,503.6020679720866,0.06360305,3.1959918
1221,0.05822384909212788,-3.5977140705440434,503.59771407054404,0.117456,8.83238
1222,0.05810464264445503,-2.7532875179344956,502.7532875179345,0.0378275,9.205546
1223,0.05798573086793418,-3.7257712952981024,503.7257712952981,0.031153258,4.2972703
1224,0.05786711303415603,-3.5036917933326777,503.5036917933327,0.032656252,4.59254
1225,0.05774878841651185,-2.433511282763618,502.4335112827636,0.13688807,11.322246
1226,0.05763075629018902,-2.366293473398059,502.36629347339806,0.06765925,1.043541
1227,0.057513015932166615,-5.55337998364331,505.5533799836433,0.035271116,4.4716864
1228,0.05739556662121101,-3.134466655688982,503.134466655689,0.030021656,5.052434
1229,0.057278407637871384,-2.8012260419101835,502.8012260419102,0.03835779,4.68425
1230,0.05716153826447539,-3.8197185531699915,503.81971855317,0.019044925,4.5906186
1231,0.057044957785124695,-2.509455803658227,502.5094558036582,0.044779416,5.4661994
1232,0.056928665485690644,-2.626670144246191,502.6266701442462,0.16091372,7.3545475
1233,0.05681266065380985,-2.921707745944957,502.92170774594496,0.04334813,1.7158074
1234,0.05669694257887985,-3.156125402238956,503.15612540223896,0.03696943,4.1273494
1235,0.05658151055205475,-4.1757850771767835,504.1757850771768,0.1618115,11.012685
1236,0.05646636386624088,-2.6094230114640595,502.60942301146406,0.055435423,6.418436
1237,0.05635150181609248,-4.88042457344244,504.88042457344244,0.05081489,7.187752
1238,0.05623692369800733,-2.3056978526670378,502.30569785266704,0.11390214,4.0997653
1239,0.05612262881012248,-2.269823858542054,502.26982385854205,0.02963208,15.024644
1240,0.05600861645230996,-2.123758504274747,502.12375850427475,0.02762931,3.5711427
1241,0.055894885926172456,-2.406888939833891,502.4068889398339,0.03424499,7.197175
1242,0.055781436535039065,-3.036171714895943,503.03617171489594,0.026189622,5.6710334
1243,0.05566826758396104,-8.753575986530905,508.7535759865309,0.06651858,15.385167
1244,0.0555553783797074,-3.090707104364128,503.0907071043641,0.0839231,6.521032
1245,0.05544276823076091,-2.750149334164405,502.7501493341644,0.09779679,5.4858966
1246,0.05533043644731365,-2.3138379542485836,502.3138379542486,0.08089026,10.727637
1247,0.05521838234126289,-3.415098053777683,503.4150980537777,0.078173675,6.9621353
1248,0.05510660522620687,-2.1394727900061525,502.13947279000615,0.1312181,6.1781874
1249,0.05499510441744053,-3.5343085517711756,503.5343085517712,0.17671746,11.161709
1250,0.054883879231951385,-2.167536806345254,502.16753680634525,0.11431131,4.6828914
1251,0.0547729289884153,-3.4066226446828978,503.4066226446829,0.060617633,4.8326216
1252,0.05466225300719236,-3.3955973801669757,503.395597380167,0.02956023,5.259374
1253,0.05455185061032265,-3.83448870666291,503.8344887066629,0.03778433,11.097432
1254,0.05444172112152215,-3.93273360430652,503.9327336043065,0.10553738,7.121558
1255,0.05433186386617857,-1.9925630488127126,501.9925630488127,0.029349122,4.1012115
1256,0.05422227817134719,-2.7131039127505687,502.71310391275057,0.05902079,13.9501915
1257,0.05411296336574682,-3.0055553572192366,503.00555535721924,0.06530409,6.9286118
1258,0.05400391877975561,-6.092525482375152,506.09252548237515,0.052210566,11.673405
1259,0.05389514374540698,-3.4904983854200964,503.4904983854201,0.15393788,2.7835479
1260,0.0537866375963855,-5.071200294372545,505.07120029437255,0.036147982,7.2249756
1261,0.05367839966802287,-4.111449226630953,504.11144922663095,0.042869836,3.3914254
1262,0.053570429297293776,-1.8710981539708769,501.8710981539709,0.073672,10.228257
1263,0.053462725822811905,-2.820135004744259,502.82013500474426,0.08139984,6.468597
1264,0.05335528858482579,-8.715584300646071,508.71558430064607,0.10948795,5.6139693
1265,0.053248116925214896,-6.659494400696985,506.659494400697,0.11163571,9.753122
1266,0.053141210187485466,-3.9678355962846013,503.9678355962846,0.11453596,3.0950837
1267,0.0530345677167666,-6.029042432684605,506.0290424326846,0.08373958,4.7161403
1268,0.05292818885980617,-3.5320661688023165,503.5320661688023,0.023195455,5.1085453
1269,0.052822072964966854,-2.8534530697342007,502.8534530697342,0.07726087,6.253117
1270,0.05271621938222215,-2.7966754185839022,502.7966754185839,0.057871174,1.9063029
1271,0.05261062746315237,-2.7066629529044803,502.7066629529045,0.030854357,5.773794
1272,0.052505296560940676,-3.9906099946487075,503.9906099946487,0.05053947,3.2921128
1273,0.05240022603036915,-3.1055893708516464,503.10558937085165,0.03480784,9.359299
1274,0.052295415227814786,-3.415939028995467,503.41593902899547,0.025351096,9.837098
1275,0.05219086351124558,-3.6064661448433526,503.60646614484335,0.025846668,2.9858265
1276,0.05208657024021659,-3.5374149659560317,503.53741496595603,0.029540323,3.1730113
1277,0.051982534775866035,-2.8041865443449865,502.804186544345,0.05960893,3.6778624
1278,0.05187875648091135,-2.378947998179342,502.37894799817934,0.06046128,5.795803
1279,0.05177523471964528,-4.552098122764789,504.5520981227648,0.05798735,6.2229114
1280,0.051671968857932016,-2.3309280504342382,502.33092805043424,0.016696613,5.9651284
1281,0.05156895826320329,-2.4108189096738784,502.4108189096739,0.047868222,5.4446144
1282,0.05146620230445451,-4.851039418941582,504.8510394189416,0.03129947,13.807477
1283,0.05136370035224089,-2.6779436178215974,502.6779436178216,0.0761349,6.08708
1284,0.05126145177867358,-2.8400283439966074,502.8400283439966,0.09871114,3.224626
1285,0.05115945595741585,-4.34972664555346,504.34972664555346,0.04885688,2.5999894
1286,0.051057712263679216,-1.8536422875984613,501.85364228759846,0.060078472,2.781059
1287,0.05095622007421965,-3.258581725651993,503.258581725652,0.023868285,8.385637
1288,0.05085497876733374,-2.515529098270349,502.51552909827035,0.038852718,5.267563
1289,0.0507539877228549,-4.170789992882419,504.1707899928824,0.048025206,10.674958
1290,0.050653246322149535,-2.997179614039055,502.99717961403906,0.055227153,3.9998357
1291,0.0505527539481133,-3.0149332043486083,503.0149332043486,0.035393693,3.574654
1292,0.05045250998516727,-4.311682757548226,504.3116827575482,0.04039986,5.9545364
1293,0.050352513819254215,-1.882102847642102,501.8821028476421,0.041846894,6.1136427
1294,0.0502527648378348,-2.361332454284934,502.36133245428493,0.035031483,9.561723
1295,0.050153262429883855,-5.248423417660945,505.24842341766094,0.06602147,11.442061
1296,0.05005400598588665,-2.6008788394832436,502.60087883948324,0.035217922,5.9208646
1297,0.04995499489783511,-4.31319496032296,504.31319496032296,0.030479187,5.5394506
1298,0.04985622855922412,-1.9870653056685796,501.9870653056686,0.1338857,7.5905786
1299,0.049757706365047824,-2.183418340060882,502.1834183400609,0.034016944,4.3100348
1300,0.049659427711795906,-2.580720320974706,502.5807203209747,0.053106505,4.69246
1301,0.049561391997449876,-3.2782573387864886,503.2782573387865,0.024738122,6.692222
1302,0.049463598621479414,-4.028952578784981,504.028952578785,0.016496018,4.8345275
1303,0.04936604698483865,-2.4074627455970017,502.407462745597,0.04173143,3.9949858
1304,0.04926873648996254,-6.056078117996833,506.05607811799683,0.03764178,7.028551
1305,0.049171666540763194,-2.568083380982614,502.5680833809826,0.03312779,3.5994763
1306,0.049074836542626184,-2.9405008854052426,502.94050088540524,0.078328945,4.250185
1307,0.04897824590240695,-3.7248380265626224,503.7248380265626,0.06341029,3.7252398
1308,0.04888189402842716,-3.8808322997057303,503.88083229970573,0.103554904,3.1865456
1309,0.048785780330471054,-1.7488589480979044,501.7488589480979,0.15369263,3.8475227
1310,0.04868990421978187,-4.012559549550588,504.0125595495506,0.09524645,16.711052
1311,0.048594265109058205,-4.6594746060569605,504.65947460605696,0.041872766,11.959465
1312,0.04849886241245043,-3.169004749533485,503.1690047495335,0.06726203,3.3671947
1313,0.0484036955455571,-4.946125218287079,504.9461252182871,0.06321136,3.033209
1314,0.04830876392542138,-4.033524148811125,504.0335241488111,0.03174894,2.0448165
1315,0.04821406697052748,-3.1829850091519347,503.18298500915193,0.08450134,5.7472205
1316,0.048119604100797055,-2.50373807239464,502.50373807239464,0.4251192,2.1484866
1317,0.048025374737585697,-4.526559996026265,504.52655999602626,0.038768094,4.9853435
1318,0.04793137830367936,-2.330595115971846,502.33059511597185,0.04114617,7.3565164
1319,0.04783761422329087,-3.7738259299424612,503.77382592994246,0.033065107,7.4913163
1320,0.047744081922056314,-3.092916000733169,503.09291600073317,0.028044319,4.522636
1321,0.04765078082703161,-3.0175436084022067,503.0175436084022,0.063243255,7.2398763
1322,0.04755771036668894,-2.5897639073067467,502.58976390730675,0.06061836,4.3392754
1323,0.047464869970913266,-2.5206669766683376,502.52066697666834,0.0630479,4.0029593
1324,0.047372259070998866,-3.114585621195772,503.1145856211958,0.05000901,5.8295803
1325,0.047279877099645796,-3.2894238454845777,503.2894238454846,0.02645601,2.836354
1326,0.04718772349095646,-4.311118460933017,504.311118460933,0.12100323,8.72883
1327,0.04709579768043211,-3.535329578638482,503.5353295786385,0.031982187,5.1149263
1328,0.04700409910496943,-2.2437111376521557,502.24371113765216,0.084232256,3.117941
1329,0.046912627202857035,-1.9423649769231588,501.94236497692316,0.0181298,6.1948547
1330,0.046821381413772074,-2.1000582192131105,502.1000582192131,0.041433305,5.2111955
1331,0.04673036117877678,-3.172796843868639,503.17279684386864,0.08391523,7.7829347
1332,0.04663956594031505,-3.352129529296235,503.35212952929623,0.03170094,10.116111
1333,0.04654899514220898,-4.700373585732677,504.7003735857327,0.25484088,19.283815
1334,0.046458648229655564,-4.43148751367778,504.4314875136778,0.11430028,8.104374
1335,0.046368524649223225,-5.250813076628219,505.2508130766282,0.0670294,4.4132924
1336,0.0462786238488484,-3.0658680501196613,503.06586805011966,0.053912416,6.8074536
1337,0.04618894527783224,-4.3968867039509405,504.39688670395094,0.085539386,9.464894
1338,0.046099488386837154,-2.449614689448026,502.449614689448,0.15177554,4.196305
1339,0.0460102526278835,-3.6853341931210934,503.6853341931211,0.08177443,5.9039974
1340,0.0459212374543462,-4.620828072918357,504.62082807291836,0.030839697,7.9457855
1341,0.045832442320951405,-3.326319302544732,503.32631930254473,0.03925245,5.2085695
1342,0.04574386668377314,-1.846412237000152,501.84641223700015,0.17560543,6.2897797
1343,0.045655510000230014,-5.26042841034797,505.26042841034797,0.030102484,10.75986
1344,0.04556737172908182,-2.7895679833441136,502.7895679833441,0.065638,3.3975925
1345,0.04547945133042629,-2.6125891760030413,502.61258917600304,0.06897664,2.6463404
1346,0.04539174826569576,-5.291476096422969,505.29147609642297,0.07425676,5.551407
1347,0.04530426199765387,-2.4616741378501956,502.4616741378502,0.10855352,6.139
1348,0.045216991990392266,-3.2399940803983895,503.2399940803984,0.071563154,4.576756
1349,0.04512993770932735,-2.2125166252941995,502.2125166252942,0.04386144,11.363126
1350,0.04504309862119696,-2.552465203414158,502.55246520341416,0.11074567,5.7476406
1351,0.04495647419405714,-3.916255149626295,503.9162551496263,0.07791202,4.9355364
1352,0.044870063897278864,-2.2891870521131636,502.28918705211316,0.089344285,4.0793643
1353,0.044783867201544786,-3.055766793351836,503.05576679335184,0.044504084,2.0086012
1354,0.044697883578846,-3.1959392152905366,503.19593921529054,0.06400582,5.3311
1355,0.04461211250247881,-2.3944654059387176,502.3944654059387,0.03187146,2.735612
1356,0.0445265534470415,-5.125959856720726,505.1259598567207,0.04282921,6.1209564
1357,0.04444120588843111,-2.2762960466373556,502.27629604663736,0.025220206,7.9464245
1358,0.044356069303840236,-3.2440799687614685,503.24407996876147,0.0791914,5.9655232
1359,0.04427114317175382,-3.644438261390576,503.6444382613906,0.12373716,4.75141
1360,0.044186426971945955,-2.4747027882066845,502.4747027882067,0.12960207,2.63929
1361,0.04410192018547672,-2.8299174765415387,502.82991747654154,0.099872604,5.3692393
1362,0.044017622294688946,-2.3714817542133346,502.37148175421333,0.10333893,8.248012
1363,0.043933532783205116,-2.7730816228971094,502.7730816228971,0.3366487,3.8915472
1364,0.04384965113592415,-4.354164955810063,504.35416495581006,0.09440193,2.4028099
1365,0.04376597683901827,-3.898387931402965,503.89838793140297,0.030419288,14.474371
1366,0.043682509379929846,-4.248404644078391,504.2484046440784,0.06647441,4.0694623
1367,0.04359924824736826,-3.885068607758683,503.8850686077587,0.3219858,6.1532445
1368,0.04351619293130679,-3.107864849726127,503.1078648497261,0.2014564,6.688363
1369,0.04343334292297944,-5.812610955669925,505.8126109556699,0.109457664,2.9595299
1370,0.04335069771487789,-3.662168253031666,503.66216825303167,0.03450717,7.983617
1371,0.043268256800748306,-3.5848315214983018,503.5848315214983,0.06843391,5.3702016
1372,0.043186019675588314,-2.807935501946588,502.8079355019466,0.21714184,1.4647509
1373,0.04310398583564388,-2.4227012326857107,502.4227012326857,0.04873315,5.789364
1374,0.04302215477840618,-2.383937761404468,502.38393776140447,0.13165095,5.244629
1375,0.042940526002608614,-2.848625062635449,502.84862506263545,0.12362252,4.430909
1376,0.04285909900822364,-2.521509630173398,502.5215096301734,0.09859839,3.5393372
1377,0.042777873296459774,-5.284529450206321,505.2845294502063,0.046877824,1.9243499
1378,0.04269684836975852,-3.313839093106992,503.313839093107,0.06949501,7.207913
1379,0.0426160237317913,-4.372108481327302,504.3721084813273,0.029985506,4.0789533
1380,0.04253539888745644,-2.152033698622631,502.15203369862263,0.035341278,4.602802
1381,0.042454973342876116,-4.373132073326474,504.3731320733265,0.021969004,13.827173
1382,0.04237474660539338,-2.6174841711530235,502.617484171153,0.024575355,3.691905
1383,0.042294718183569044,-2.263534330866946,502.26353433086695,0.03795216,7.0210724
1384,0.04221488758717877,-3.7183773457311418,503.71837734573114,0.0463546,4.2325273
1385,0.04213525432720999,-3.5620489242455733,503.5620489242456,0.023849452,6.261118
1386,0.042055817915858995,-3.8872690365188873,503.8872690365189,0.17508626,4.4160843
1387,0.04197657786652786,-2.86323458761035,502.86323458761035,0.15118968,11.112882
1388,0.0418975336938215,-2.948627169306235,502.94862716930623,0.08005541,4.819371
1389,0.04181868491354472,-5.875245552078354,505.87524555207835,0.034585766,3.1189709
1390,0.04174003104269921,-3.2993942675256562,503.29939426752566,0.06856546,5.3073764
1391,0.0416615715994806,-3.449323732870937,503.44932373287094,0.070408165,5.282829
1392,0.04158330610327553,-3.2817879792112308,503.28178797921123,0.04432616,3.6592774
1393,0.041505234074658656,-3.859740739363531,503.85974073936353,0.12358782,7.1375704
1394,0.04142735503538979,-2.7771060926725113,502.7771060926725,0.061709538,6.2730393
1395,0.04134966850841087,-2.8955546415913886,502.8955546415914,0.060113464,4.0025015
1396,0.041272174017843145,-3.3729480200296393,503.37294802002964,0.0586887,5.025294
1397,0.04119487108898417,-2.828396397947529,502.82839639794753,0.04105757,4.682183
1398,0.04111775924830495,-3.651823342423768,503.65182334242377,0.0348699,4.5185843
1399,0.04104083802344704,-4.21762832198965,504.21762832198965,0.021929234,5.8759694
1400,0.0409641069432196,-2.2856316821270184,502.285631682127,0.09391482,8.79085
1401,0.040887565537596586,-4.3134211292396,504.3134211292396,0.117171034,19.5486
1402,0.0408112133377138,-3.247829657347552,503.24782965734755,0.043151926,6.6184206
1403,0.040735049875866056,-3.5776569892483963,503.5776569892484,0.04231729,3.945134
1404,0.040659074685504316,-2.8823881800833533,502.88238818008335,0.028870134,5.335681
1405,0.04058328730123282,-2.2334610578810725,502.2334610578811,0.44451565,2.6605136
1406,0.04050768725880622,-2.149912067455489,502.1499120674555,0.038148176,3.30795
1407,0.04043227409512679,-4.047197218126712,504.0471972181267,0.02893624,1.5355003
1408,0.04035704734824152,-3.2806566637984247,503.2806566637984,0.047681123,8.455398
1409,0.04028200655733934,-2.401368927218755,502.40136892721875,0.040628307,7.3088937
1410,0.040207151262748264,-3.2609555671621138,503.2609555671621,0.043468963,8.556328
1411,0.0401324810059326,-2.80909352398794,502.80909352398794,0.023172341,2.8881812
1412,0.04005799532949012,-2.873742053565195,502.8737420535652,0.09422733,5.992035
1413,0.03998369377714927,-8.316318841731345,508.31631884173134,0.09044431,0.0
1414,0.03990957589376637,-3.3414154615483653,503.34141546154837,0.062426828,3.0154371
1415,0.039835641225322835,-3.7886143424517513,503.78861434245175,0.022616543,5.834483
1416,0.03976188931892237,-5.805222737505801,505.8052227375058,0.05098129,4.294919
1417,0.03968831972278823,-3.205198429529389,503.2051984295294,0.08195337,7.773975
1418,0.03961493198626042,-3.9145507964258286,503.91455079642583,0.02518216,3.4335926
1419,0.03954172565979297,-3.144294514643491,503.1442945146435,0.12693198,4.209457
1420,0.039468700294951135,-4.568205218473338,504.56820521847334,0.047681917,12.797928
1421,0.039395855444408705,-3.654752103549356,503.65475210354936,0.02735052,5.456742
1422,0.03932319066194519,-3.0459998194982063,503.0459998194982,0.047792017,1.5421505
1423,0.03925070550244317,-3.3885034914908942,503.3885034914909,0.022693861,4.3049984
1424,0.039178399521885496,-2.562420103308625,502.5624201033086,0.025701242,9.65417
1425,0.03910627227735264,-3.189462419883739,503.18946241988374,0.029701747,1.7527131
1426,0.039034323327019914,-2.5808534963103966,502.5808534963104,0.04078677,4.946368
1427,0.03896255223015481,-3.15429085969879,503.1542908596988,0.06858237,5.1489525
1428,0.038890958547114274,-2.501678012556283,502.5016780125563,0.030169351,3.0356867
1429,0.038819541839342026,-12.461445301194772,512.4614453011948,0.09817094,0.0
1430,0.038748301669365874,-2.34889005011496,502.34889005011496,0.06597146,3.8889692
1431,0.038677237600795035,-3.2957388478811254,503.2957388478811,0.025498249,2.7851384
1432,0.038606349198317444,-2.8507794144159107,502.8507794144159,0.06250219,6.359811
1433,0.038535636027697114,-2.7785002975612656,502.77850029756127,0.06316222,4.9277835
1434,0.03846509765577145,-4.250445523074973,504.250445523075,0.112977766,6.393068
1435,0.038394733650448626,-5.35581378540661,505.3558137854066,0.04950458,7.560474
1436,0.0383245435807049,-3.2996645313036765,503.2996645313037,0.0378874,4.383797
1437,0.03825452701658203,-2.764849166086151,502.76484916608615,0.11394204,5.1084614
1438,0.038184683529184554,-3.279536144039241,503.27953614403924,0.2634531,5.6346936
1439,0.038115012690677255,-2.2342932109469302,502.23429321094693,0.17477788,2.4462702
1440,0.03804551407428249,-4.72160670703596,504.72160670703596,0.068248235,8.839132
1441,0.037976187254277566,-4.381693963892644,504.38169396389264,0.023568869,5.9669456
1442,0.03790703180599218,-2.8525538128363337,502.85255381283633,0.10337119,6.427201
1443,0.037838047305805755,-3.3623084623083628,503.36230846230836,0.069478564,4.348909
1444,0.03776923333114491,-7.439135277069681,507.4391352770697,0.08054087,20.160051
1445,0.03770058946048082,-4.224395962576011,504.224395962576,0.057919167,6.142998
1446,0.03763211527332666,-4.95774950336272,504.9577495033627,0.11075792,6.6104517
1447,0.037563810350235025,-3.631313476859191,503.6313134768592,0.09174621,7.1401744
1448,0.03749567427279536,-3.2483135400885885,503.2483135400886,0.053812355,11.661629
1449,0.03742770662363139,-1.9393123625626458,501.93931236256265,0.5688654,3.4539347
1450,0.03735990698639857,-3.221184323582804,503.2211843235828,0.09281506,4.475523
1451,0.03729227494578154,-2.119927613615232,502.11992761361523,0.18950942,3.5720346
1452,0.03722481008749156,-2.7232354637637286,502.72323546376373,0.02552112,8.116391
1453,0.037157511998264,-3.562992669575465,503.56299266957546,0.046285514,16.65785
1454,0.0370903802658558,-3.0124854288685015,503.0124854288685,0.09969121,1.4420702
1455,0.037023414479042935,-1.4893856878978227,501.4893856878978,0.02039296,6.841083
1456,0.036956614227617875,-3.57107981045624,503.57107981045624,0.037827738,6.5864053
1457,0.03688997910238714,-3.2050094153640885,503.2050094153641,0.1114116,3.3496227
1458,0.036823508695168726,-3.5224549423935514,503.52245494239355,0.0282656,6.9433565
1459,0.03675720259878964,-3.413716372812303,503.4137163728123,0.03983776,6.18688
1460,0.03669106040708339,-2.2640418832591536,502.26404188325915,0.028169842,5.35578
1461,0.03662508171488751,-2.685487012199644,502.68548701219964,0.03794348,4.1923704
1462,0.03655926611804106,-2.4912791966981445,502.49127919669814,0.083501674,7.9907246
1463,0.036493613213382174,-2.8333624394431354,502.83336243944314,0.019163786,5.1509223
1464,0.036428122598745574,-3.139585605629577,503.1395856056296,0.052273348,5.5308337
1465,0.03636279387296011,-2.4350114202090367,502.43501142020904,0.038593076,1.4781976
1466,0.0362976266358463,-3.2529271007470015,503.252927100747,0.018321771,5.63078
1467,0.03623262048821387,-3.537380008344485,503.5373800083445,0.058575872,7.304054
1468,0.03616777503185936,-3.1720234688544338,503.17202346885443,0.03999312,6.207155
1469,0.0361030898695636,-2.2551531918890078,502.255153191889,0.03258555,7.823516
1470,0.03603856460508934,-2.5128411700692936,502.5128411700693,0.7633895,3.7763953
1471,0.035974198843178824,-2.678361451934677,502.6783614519347,0.058213074,7.4665475
1472,0.03590999218955131,-2.938474184445681,502.9384741844457,0.07798946,3.8485467
1473,0.035845944250900715,-3.4544999411830872,503.4544999411831,0.058817666,16.684605
1474,0.035782054634893194,-1.9423487309693996,501.9423487309694,0.05066657,4.56682
1475,0.035718322950164715,-2.07135739951093,502.07135739951093,0.052117366,4.1041603
1476,0.03565474880631867,-2.916523170479934,502.91652317047993,0.03381873,3.854207
1477,0.035591331813923516,-3.508970412087365,503.50897041208736,0.08787435,4.305735
1478,0.035528071584510316,-2.8403187153605813,502.8403187153606,0.7575173,6.460292
1479,0.03546496773057045,-2.7036734560999207,502.7036734560999,0.098115355,4.786255
1480,0.03540201986555316,-7.097350876614314,507.0973508766143,0.044719197,14.250515
1481,0.03533922760386324,-2.162313779710132,502.16231377971013,0.06783256,1.392513
1482,0.03527659056085865,-4.121842555762953,504.12184255576295,0.057584427,5.093459
1483,0.03521410835284815,-2.319467774474276,502.3194677744743,0.20374176,6.4187236
1484,0.03515178059708897,-3.625738014890601,503.6257380148906,0.056816533,5.2897673
1485,0.035089606911784456,-2.1313796310101907,502.1313796310102,0.08394737,4.6800413
1486,0.03502758691608174,-3.4591191981709812,503.459119198171,0.05332815,10.209656
1487,0.03496572023006938,-2.9651901348198066,502.9651901348198,0.059266083,6.095936
1488,0.034904006474775075,-3.89171981806345,503.89171981806345,0.0680531,4.44611
1489,0.034842445272163305,-2.7195252196361253,502.7195252196361,0.06255993,1.994597
1490,0.03478103624513304,-4.30759522984448,504.3075952298445,0.69122636,9.828539
1491,0.03471977901751541,-5.144252930043137,505.14425293004314,0.04029484,6.7745137
1492,0.03465867321407142,-2.673373596958527,502.6733735969585,0.045737773,3.681959
1493,0.034597718460489646,-3.821344139268433,503.82134413926843,0.029126141,6.863119
1494,0.03453691438338393,-2.952546056590961,502.95254605659096,0.06487544,9.590335
1495,0.03447626061029111,-2.5387540702450906,502.5387540702451,0.020239161,5.7160172
1496,0.03441575676966872,-3.64631598710821,503.6463159871082,0.029339802,5.4143624
1497,0.03435540249089275,-3.7387529423306773,503.7387529423307,0.029809527,2.4554784
1498,0.034295197404255316,-1.810626922582685,501.8106269225827,0.027307983,2.4669607
1499,0.034235141140962454,-2.2053021287269985,502.205302128727,0.09258171,6.220322
1500,0.03417523333313182,-4.937628230387361,504.93762823038736,0.09935953,3.7346387
1501,0.03411547361379047,-3.0081448077168034,503.0081448077168,0.13327152,13.118439
1502,0.03405586161687258,-3.4878787091000163,503.4878787091,0.041089922,3.8670723
1503,0.033996396977217236,-3.7555463327847747,503.7555463327848,0.12694578,8.35537
1504,0.03393707933056615,-3.646758350199093,503.6467583501991,0.03707066,1.2354789
1505,0.033877908313561494,-3.8842382259556985,503.8842382259557,0.054376975,1.8333158
1506,0.03381888356374362,-2.929865272714835,502.92986527271484,0.054352976,8.081849
1507,0.033760004719548854,-5.239180820857598,505.2391808208576,0.043489188,4.3554053
1508,0.033701271420307294,-6.751603059870263,506.75160305987026,0.092104174,4.622865
1509,0.03364268330624059,-4.328713033688871,504.32871303368887,0.07120275,8.342787
1510,0.03358424001845975,-3.938937458524663,503.93893745852466,0.048056412,3.6069858
1511,0.03352594119896291,-3.068660993605363,503.06866099360536,0.031058794,5.497087
1512,0.03346778649063319,-2.2572759383454013,502.2572759383454,0.11491102,6.087881
1513,0.03340977553723648,-2.978328852769664,502.97832885276966,0.13587338,2.254795
1514,0.03335190798341924,-3.392865860493089,503.3928658604931,0.07564481,9.097767
1515,0.03329418347470637,-3.666064634722318,503.6660646347223,0.044638228,4.24412
1516,0.03323660165749898,-2.847363394193735,502.84736339419374,0.027672522,3.3578222
1517,0.03317916217907228,-4.838266242892189,504.8382662428922,0.048291992,16.106144
1518,0.03312186468757338,-3.401773063945484,503.4017730639455,0.07216373,5.2628345
1519,0.03306470883201916,-7.213909295481358,507.21390929548136,0.10157416,7.229225
1520,0.0330076942622941,-3.8881513295093555,503.88815132950936,0.042762037,7.9799404
1521,0.03295082062914815,-3.306910593033308,503.3069105930333,0.04157371,4.361068
1522,0.032894087584194584,-4.473847923715482,504.4738479237155,0.040418833,2.2689304
1523,0.03283749477990786,-4.067167569392609,504.0671675693926,0.040978633,10.592589
1524,0.03278104186962151,-7.255959901386575,507.2559599013866,0.19395217,11.06276
1525,0.032724728507526,-2.736736732579743,502.73673673257974,0.037447877,8.255636
1526,0.03266855434866661,-2.642166395037407,502.6421663950374,0.038155325,8.848747
1527,0.03261251904894134,-3.092640549533712,503.0926405495337,0.026714578,7.101562
1528,0.03255662226509877,-3.5248845091575163,503.5248845091575,0.05186593,7.119924
1529,0.032500863654736,-3.7846919214171066,503.7846919214171,0.036003318,4.273051
1530,0.032445242876296514,-3.228431141890667,503.22843114189067,0.038166698,7.4189363
1531,0.03238975958906811,-3.024804952959471,503.02480495295947,0.022406863,6.5296082
1532,0.0323344134531808,-3.9136617681465395,503.91366176814654,0.031453956,3.2667775
1533,0.03227920412960473,-4.291177073129688,504.2911770731297,0.044532295,6.8651023
1534,0.03222413128014813,-2.3500548508382053,502.3500548508382,0.072368614,11.90224
1535,0.032169194567455185,-3.3586251045257995,503.3586251045258,0.067230105,4.6500998
1536,0.03211439365500405,-2.944741508806487,502.9447415088065,0.03752608,4.003539
1537,0.03205972820710469,-3.6089286333243535,503.60892863332435,0.02921307,4.4314494
1538,0.03200519788889691,-2.9070157122080786,502.9070157122081,0.03337202,3.8195355
1539,0.03195080236634825,-4.273331661637997,504.273331661638,0.017516933,5.1525455
1540,0.031896541306251976,-3.990306307527703,503.9903063075277,0.04851988,12.047203
1541,0.031842414376225016,-3.484360642440663,503.48436064244066,0.051552556,3.1956077
1542,0.03178842124470592,-2.8491118393277475,502.84911183932775,0.13161097,7.3799095
1543,0.031734561580952836,-4.974420498585971,504.97442049858597,0.07937007,5.898911
1544,0.031680835055041504,-4.310555612629685,504.3105556126297,0.08107214,4.02591
1545,0.031627241337863196,-3.9270985322391994,503.9270985322392,0.03360162,2.8720996
1546,0.031573780101122745,-2.5481250945336456,502.54812509453365,0.07587875,2.5181587
1547,0.03152045101733648,-2.7657718400236604,502.76577184002366,0.0368708,3.675734
1548,0.03146725375983027,-2.2018116659313023,502.2018116659313,0.13355504,4.8055596
1549,0.0314141880027375,-6.924752487104456,506.92475248710446,0.01479847,2.3515625
1550,0.03136125342099707,-3.1504856520666067,503.1504856520666,0.036246475,6.2822566
1551,0.03130844969035143,-2.4501740025273193,502.4501740025273,0.07878333,7.085505
1552,0.03125577648734455,-3.556944348402567,503.55694434840257,0.16488636,6.3807383
1553,0.031203233489319984,-1.8581795993238188,501.8581795993238,0.042951774,1.8637589
1554,0.031150820374418867,-2.671426649253135,502.67142664925314,0.037282236,9.306144
1555,0.031098536821577934,-6.264065285524225,506.2640652855242,0.8595462,4.2097673
1556,0.031046382510527597,-2.6416601209851365,502.64166012098514,0.07157295,2.411876
1557,0.030994357121789932,-2.818426959472106,502.8184269594721,0.07737569,6.4525113
1558,0.030942460336676768,-2.2849214308592423,502.28492143085924,0.031549104,6.6752872
1559,0.03089069183728769,-5.228046033518126,505.2280460335181,0.028165735,6.4718833
1560,0.030839051306508117,-2.8014864503887793,502.8014864503888,0.04941611,2.0087938
1561,0.030787538428007362,-3.2835157819678216,503.2835157819678,0.11933357,10.377308
1562,0.030736152886236698,-2.23966724179985,502.23966724179985,0.09352067,2.9607012
1563,0.030684894366427393,-3.514833605298236,503.51483360529824,0.024423089,4.6003265
1564,0.03063376255458882,-3.4113967871516024,503.4113967871516,0.046220273,4.3224254
1565,0.03058275713750653,-3.0494903074779245,503.0494903074779,0.05355772,0.8907133
1566,0.030531877802740276,-3.229709704865968,503.22970970486597,0.041423548,5.5352707
1567,0.030481124238622197,-3.8034360357978017,503.8034360357978,0.023507772,5.3298297
1568,0.030430496134254824,-3.2200073918319276,503.2200073918319,0.031025525,3.1935742
1569,0.03037999317950922,-3.5753608297476944,503.5753608297477,0.021446085,8.976748
1570,0.03032961506502306,-3.2144972368540152,503.214497236854,0.035200093,9.603711
1571,0.03027936148219875,-2.066874344734913,502.0668743447349,0.029554382,4.0745234
1572,0.03022923212320154,-2.796223084299413,502.7962230842994,0.051627304,2.267622
1573,0.030179226680957606,-3.847590088425193,503.8475900884252,0.04513036,10.718317
1574,0.03012934484915221,-2.6033801762521307,502.60338017625213,0.38040167,4.064523
1575,0.0300795863222278,-2.7997500913099316,502.79975009130993,0.08309748,4.741205
1576,0.030029950795382135,-5.958171175812652,505.95817117581265,0.027779877,10.49383
1577,0.029980437964566453,-3.5840840042923787,503.5840840042924,0.03373965,4.98718
1578,0.029931047526483547,-3.107684484225615,503.1076844842256,0.016977308,10.643466
1579,0.029881779178585977,-2.547894394234959,502.54789439423496,0.08587608,11.829469
1580,0.02983263261907415,-3.9423832513184607,503.94238325131846,0.035622433,16.312017
1581,0.029783607546894526,-2.962354198127457,502.96235419812746,0.3397245,1.3692216
1582,0.02973470366173775,-3.7233830776528976,503.7233830776529,0.08257392,5.6276517
1583,0.029685920664036795,-1.9824760198505942,501.9824760198506,0.22105888,5.194032
1584,0.029637258254965167,-7.616631317824783,507.6166313178248,0.38612074,0.98643076
1585,0.029588716136435045,-3.446882106303974,503.446882106304,0.10540335,3.8178973
1586,0.029540294011095453,-3.79521614044711,503.7952161404471,0.040369876,6.2751503
1587,0.029491991582330464,-3.053400322967093,503.0534003229671,0.07983738,7.6708903
1588,0.029443808554257364,-2.706103579041212,502.7061035790412,0.0992983,3.472211
1589,0.02939574463172484,-4.313876700947446,504.31387670094745,0.051667485,10.204432
1590,0.02934779952031117,-2.134099299461468,502.13409929946147,0.052186143,13.868792
1591,0.029299972926322443,-5.414664626508227,505.4146646265082,0.05296321,3.9865508
1592,0.029252264556790718,-2.251435189246422,502.2514351892464,0.1185551,8.428206
1593,0.029204674119472272,-4.117817552055328,504.1178175520553,0.06666286,2.9680908
1594,0.02915720132284578,-3.5483915164059,503.5483915164059,0.060051113,10.947638
1595,0.029109845876110547,-3.7754563091493196,503.7754563091493,0.0892691,6.5551696
1596,0.02906260748918471,-2.60144622381074,502.60144622381074,0.080097124,4.4239063
1597,0.029015485872703486,-4.253577932814949,504.25357793281495,0.043118514,4.273207
1598,0.028968480738017367,-3.4612627652587094,503.4612627652587,0.025548678,3.2987556
1599,0.028921591797190394,-3.609894161093905,503.6098941610939,0.09923172,5.5971117
1600,0.028874818762998328,-4.313853153096545,504.31385315309655,0.111519836,1.4051582
1601,0.02882816134892697,-2.6918750540695555,502.69187505406956,0.03154684,3.1077392
1602,0.028781619269170354,-2.541935816826424,502.5419358168264,0.34037814,3.3626175
1603,0.02873519223862899,-2.5940246494538997,502.5940246494539,0.05809123,3.043911
1604,0.028688879972908178,-2.608991966760243,502.60899196676024,0.023139292,4.95229
1605,0.028642682188316185,-3.8171278607613885,503.8171278607614,0.09947617,6.3500576
1606,0.028596598601862568,-3.98061827445855,503.98061827445855,0.026023328,1.4308382
1607,0.028550628931256414,-3.4219237080472453,503.42192370804725,0.047604337,6.3033996
1608,0.028504772894904606,-3.4545653837697614,503.45456538376976,0.09586248,2.9309933
1609,0.02845903021191013,-2.064374927379106,502.0643749273791,0.037193038,1.6280113
1610,0.028413400602070323,-2.110520518652777,502.1105205186528,0.02804362,7.327032
1611,0.028367883785875146,-4.532949517619329,504.53294951761933,0.04718132,5.5537024
1612,0.028322479484505524,-2.754130827610993,502.754130827611,0.135272,8.606798
1613,0.02827718741983159,-4.021257083568742,504.02125708356874,0.043815795,2.6854064
1614,0.028232007314410994,-4.418866299368062,504.41886629936806,0.05784394,1.7814542
1615,0.028186938891487212,-2.4444651856916835,502.4444651856917,0.06324464,5.1486926
1616,0.02814198187498785,-2.6591781111737305,502.65917811117373,0.06654377,16.075937
1617,0.02809713598952293,-2.648440913809111,502.6484409138091,0.058392797,3.5769384
1618,0.028052400960383257,-2.2008404675253814,502.2008404675254,0.05005509,7.3616548
1619,0.02800777651353866,-2.3923382003052893,502.3923382003053,0.043814808,6.199254
1620,0.027963262375636386,-2.6541071350796415,502.65410713507964,0.02798573,6.153231
1621,0.027918858273999356,-4.893388409618524,504.8933884096185,0.071032256,4.262706
1622,0.02787456393662459,-2.6339872786733736,502.6339872786734,0.06906521,8.534957
1623,0.02783037909218141,-3.7045005895751046,503.7045005895751,0.049725804,2.731286
1624,0.02778630347000994,-2.4569402549065558,502.45694025490656,0.05762516,5.4731092
1625,0.027742336800119248,-3.7872885211373273,503.7872885211373,0.055976883,6.5648255
1626,0.027698478813185927,-2.4510658824827374,502.45106588248274,0.02305543,3.032215
1627,0.027654729240552206,-3.5821368561424265,503.5821368561424,0.031019572,4.2557416
1628,0.027611087814224507,-3.0339555289424425,503.03395552894244,0.050450895,12.043437
1629,0.027567554266871658,-2.5145855641040384,502.51458556410404,0.18007345,3.2526474
1630,0.027524128331823362,-2.9814691687903405,502.98146916879034,0.058852717,4.647377
1631,0.027480809743068456,-4.58541564870103,504.58541564870103,0.023816012,3.9657671
1632,0.027437598235253415,-6.414224932491038,506.41422493249104,0.109700896,7.854054
1633,0.02739449354368057,-2.516476453339294,502.5164764533393,0.047022097,7.869062
1634,0.027351495404306647,-4.164678305200539,504.16467830520054,0.02619105,2.9419818
1635,0.027308603553741005,-5.898400508870907,505.8984005088709,0.036907706,7.222081
1636,0.027265817729244142,-2.7327778721662526,502.73277787216625,0.073944405,2.54173
1637,0.02722313766872598,-2.880162494944557,502.88016249494456,0.062536664,7.301189
1638,0.027180563110744377,-4.143294196490558,504.14329419649056,0.05048023,9.007005
1639,0.027138093794503382,-2.4018802146496228,502.4018802146496,0.043822188,4.8571916
1640,0.027095729459851788,-3.1293892324137573,503.12938923241376,0.0281446,2.6575236
1641,0.027053469847281415,-3.309291321469118,503.3092913214691,0.053911883,2.827386
1642,0.027011314697925608,-1.5289495996269125,501.5289495996269,0.0266305,7.8524613
1643,0.0269692637535576,-2.1092280177563225,502.1092280177563,0.080144666,4.8672523
1644,0.02692731675658891,-3.1703616702633894,503.1703616702634,0.05531393,3.3234417
1645,0.02688547345006788,-2.345324967802469,502.34532496780247,0.015591372,4.9316545
1646,0.026843733577677935,-4.068027997427009,504.068027997427,0.06715248,11.120274
1647,0.026802096883736172,-3.590194062016451,503.59019406201645,0.03833947,4.5716434
1648,0.02676056311319166,-3.4221954865966495,503.42219548659665,0.03434356,10.731848
1649,0.02671913201162398,-2.597908623410717,502.5979086234107,0.14320663,5.6492276
1650,0.026677803325241604,-3.1699273051999057,503.1699273051999,0.06204595,3.4025395
1651,0.026636576800880385,-2.914623219977898,502.9146232199779,0.10483385,7.0042043
1652,0.02659545218600194,-2.973530889758649,502.97353088975865,0.053879134,18.453209
1653,0.0265544292286922,-2.1155684423537764,502.1155684423538,0.078418545,7.559308
1654,0.026513507677659753,-3.676189694307368,503.67618969430737,0.023503192,3.604907
1655,0.026472687282234425,-3.5143140076821737,503.5143140076822,0.112372085,7.4599814
1656,0.026431967792365625,-3.1259706399806646,503.12597063998066,0.30020496,2.9345706
1657,0.026391348958620928,-2.4770343093939573,502.47703430939396,0.06704432,5.2601
1658,0.026350830532184434,-3.265141626750733,503.26514162675073,0.027661607,5.8043175
1659,0.026310412264855365,-4.303775813190498,504.3037758131905,0.031401798,7.6448793
1660,0.026270093909046416,-2.39805668437117,502.39805668437117,0.03168059,3.6551747
1661,0.026229875217782354,-3.664289514948564,503.66428951494856,0.08617377,3.7647057
1662,0.026189755944698412,-3.468389602639377,503.4683896026394,0.04503446,4.6459985
1663,0.026149735844038867,-3.488519035799982,503.4885190358,0.06515403,5.849575
1664,0.026109814670655436,-3.0564731157966207,503.0564731157966,0.022470362,9.740559
1665,0.026069992180005885,-5.73523569843843,505.73523569843843,0.080383494,2.5526187
1666,0.026030268128152415,-4.380574494630935,504.38057449463093,0.034276016,4.8377028
1667,0.02599064227176029,-2.0148473809716165,502.0148473809716,0.025318777,5.0960054
1668,0.025951114368096218,-3.919615696847245,503.91961569684725,0.08380728,3.6437747
1669,0.02591168417502699,-3.898954067396403,503.8989540673964,0.19057831,1.6052121
1670,0.025872351451017878,-2.2831136141898583,502.28311361418986,0.016845401,4.327186
1671,0.02583311595513127,-2.852608318881664,502.85260831888166,0.022394417,7.5219646
1672,0.025793977447025072,-2.6751007828643196,502.6751007828643,0.10385721,2.984631
1673,0.025754935686951377,-1.8796075304828719,501.8796075304829,0.055622306,4.7633104
1674,0.025715990435754857,-4.3505026509367895,504.3505026509368,0.04665808,3.143391
1675,0.025677141454871405,-3.2654662624078696,503.26546626240787,0.06821074,2.1029599
1676,0.025638388506326583,-2.3909657545362393,502.39096575453624,0.030586017,9.860005
1677,0.025599731352734266,-2.4200080864327447,502.42000808643274,0.03479711,1.537713
1678,0.025561169757295082,-3.0968462378687605,503.09684623786876,0.058235664,10.483218
1679,0.02552270348379507,-2.492630857149152,502.49263085714915,0.09769074,4.88998
1680,0.025484332296604108,-2.7214847308588332,502.72148473085883,0.04096209,5.4162793
1681,0.025446055960674608,-2.115983557134882,502.1159835571349,0.021449612,5.2409043
1682,0.02540787424153993,-4.0096539820575,504.0096539820575,0.34049603,12.947709
1683,0.0253697869053131,-2.555216523605054,502.55521652360505,0.041795865,3.7188323
1684,0.025331793718685228,-2.326047015835968,502.32604701583597,0.08454399,7.0546713
1685,0.025293894448924208,-2.375573084019834,502.37557308401983,0.051210124,9.125717
1686,0.025256088863873184,-3.4689800100429693,503.46898001004297,0.14693123,3.8772216
1687,0.025218376731949224,-2.6370695455258897,502.6370695455259,0.31477827,3.7321863
1688,0.025180757822141804,-2.854353106564872,502.8543531065649,0.19792712,5.1503015
1689,0.025143231904011503,-7.143153519025645,507.14315351902565,0.3734357,5.144467
1690,0.025105798747688472,-3.025025597360809,503.0250255973608,0.0832185,4.860131
1691,0.025068458123871144,-3.390648932447732,503.39064893244773,0.033293113,6.000654
1692,0.025031209803824714,-2.8635120087856762,502.8635120087857,0.05175821,5.931549
1693,0.024994053559379857,-3.0565190965186844,503.0565190965187,0.032461513,4.768676
1694,0.024956989162931202,-2.908408980780223,502.9084089807802,0.024602838,4.8142104
1695,0.024920016387436073,-3.877289981273691,503.8772899812737,0.047065746,3.6110241
1696,0.02488313500641297,-8.415327847440892,508.4153278474409,0.033257186,6.2104325
1697,0.024846344793940288,-3.6544496262786197,503.6544496262786,0.0336801,5.8614616
1698,0.02480964552465485,-2.8949669479725344,502.89496694797253,0.029209942,6.900444
1699,0.0247730369737506,-3.30500046342371,503.3050004634237,0.029920775,1.5917171
1700,0.02473651891697714,-3.86574930808672,503.8657493080867,0.056416452,4.0875397
1701,0.02470009113063847,-3.701100431002999,503.701100431003,0.034259707,3.7448146
1702,0.02466375339159148,-4.752977652549134,504.75297765254913,0.38161582,9.094726
1703,0.02462750547724473,-3.5600748420276886,503.5600748420277,0.03272336,8.216459
1704,0.024591347165556943,-3.0272086386200954,503.0272086386201,0.04289552,7.4338474
1705,0.024555278235035775,-3.8367668667465864,503.8367668667466,0.04511457,7.3409
1706,0.024519298464736345,-4.1204294853469605,504.12042948534696,0.01889559,7.0646095
1707,0.02448340763425999,-3.0778578919840243,503.077857891984,0.042583607,5.1932855
1708,0.0244476055237528,-2.904851008833191,502.9048510088332,0.07374552,1.4901541
1709,0.024411891913904384,-2.9591572054898165,502.9591572054898,0.013208711,6.899941
1710,0.024376266585946427,-2.226432317831325,502.2264323178313,0.059926495,3.501518
1711,0.02434072932165144,-2.1527060783574825,502.1527060783575,0.018441062,5.154905
1712,0.02430527990333134,-4.010585816447019,504.010585816447,0.06401985,8.391832
1713,0.024269918113836185,-1.8428966641101852,501.8428966641102,0.090318695,3.8679385
1714,0.02423464373655279,-2.010967393568194,502.0109673935682,0.05908738,2.135156
1715,0.024199456555403454,-2.4308867374867305,502.43088673748673,0.069553636,9.1219225
1716,0.02416435635484457,-4.015300410189866,504.01530041018987,0.049990937,5.491588
1717,0.024129342919865383,-2.5027640844621146,502.5027640844621,0.03824435,7.93769
1718,0.024094416035986593,-4.090355254936469,504.09035525493647,0.062288575,4.940447
1719,0.024059575489259116,-2.0556963892061617,502.05569638920616,0.056253318,9.572099
1720,0.0240248210662627,-2.943223487834416,502.9432234878344,0.14917807,4.36614
1721,0.023990152554104686,-3.7262151075756265,503.7262151075756,0.03217809,6.6441336
1722,0.023955569740418653,-3.7470106580175297,503.74701065801753,0.06326822,8.077246
1723,0.023921072413363158,-3.981147399949009,503.981147399949,0.028864019,1.2168547
1724,0.023886660361620383,-2.8550401313018483,502.85504013130185,0.107975416,4.5359244
1725,0.023852333374394928,-2.9726235230075417,502.97262352300754,0.035769973,5.0810976
1726,0.023818091241412397,-2.799952593309399,502.7999525933094,0.020214088,7.1253676
1727,0.023783933752918245,-3.764409777434082,503.7644097774341,0.027600922,6.931241
1728,0.02374986069967638,-4.830927100464805,504.8309271004648,0.078337684,6.158963
1729,0.02371587187296797,-3.548324155602188,503.5483241556022,0.049700886,8.007352
1730,0.02368196706459008,-5.057241835691627,505.0572418356916,0.03690525,8.3444605
1731,0.023648146066854486,-5.084595848223898,505.0845958482239,0.07800419,4.235806
1732,0.023614408672586316,-2.724365838279539,502.72436583827954,0.05762493,3.8361838
1733,0.02358075467512283,-3.3687205389067003,503.3687205389067,0.03159011,6.6972885
1734,0.023547183868312185,-2.1498100566618064,502.1498100566618,0.06757416,3.7580917
1735,0.023513696046512066,-2.7368398989568163,502.7368398989568,0.032375306,7.0885234
1736,0.023480291004588566,-5.82751701286827,505.82751701286827,0.03045882,9.379638
1737,0.023446968537914788,-2.5045844384596307,502.50458443845963,0.10154764,5.1729784
1738,0.02341372844236972,-3.7471017904857717,503.7471017904858,0.02211232,3.1877503
1739,0.02338057051433687,-10.439719062853214,510.4397190628532,0.05970118,0.0
1740,0.023347494550703136,-2.6704300811715598,502.67043008117156,0.08456668,2.0911663
1741,0.02331450034885743,-2.4718988844382466,502.47189888443825,0.06302205,5.4890375
1742,0.02328158770668957,-1.6914044767663654,501.69140447676637,0.027393661,3.3369095
1743,0.023248756422588925,-1.5147486144078357,501.51474861440784,0.019120254,3.856241
1744,0.023216006295443282,-2.688240601173959,502.68824060117396,0.034361426,3.8177273
1745,0.023183337124637514,-2.9297089446073414,502.92970894460734,0.07425055,3.7881243
1746,0.023150748710052457,-2.746043566770254,502.74604356677025,0.0570874,8.763052
1747,0.023118240852063578,-4.994532177176723,504.9945321771767,0.034707543,7.1618314
1748,0.02308581335153985,-3.404150095367413,503.4041500953674,0.028526254,6.8295035
1749,0.023053466009842434,-4.025911506979526,504.0259115069795,0.05312844,3.7149937
1750,0.02302119862882358,-3.8009826856442146,503.8009826856442,0.025355082,9.656948
1751,0.022989011010825282,-2.9265038717528,502.9265038717528,0.043883078,2.543121
1752,0.02295690295867818,-4.238783351188943,504.23878335118894,0.02873443,9.372864
1753,0.022924874275700273,-3.3558699236652387,503.35586992366524,0.009260899,2.0073638
1754,0.022892924765695773,-4.877427955630026,504.87742795563,0.06186343,4.3969874
1755,0.02286105423295385,-2.5330984696042833,502.5330984696043,0.026379455,4.702261
1756,0.022829262482247488,-5.762085034923928,505.7620850349239,0.074342355,7.321812
1757,0.022797549318832225,-4.5954219180497375,504.59542191804974,0.032762673,3.7829146
1758,0.02276591454844503,-3.2740382112397697,503.27403821123977,0.07682169,6.1182384
1759,0.022734357977303055,-2.302526615961142,502.30252661596114,0.023066323,9.710164
1760,0.022702879412102493,-1.5035774420242092,501.5035774420242,0.04272239,4.2929835
1761,0.02267147866001734,-3.442963350094658,503.44296335009466,0.035410598,16.79658
1762,0.02264015552869829,-3.174139329111597,503.1741393291116,0.21610329,4.5718374
1763,0.022608909826271464,-3.7883581887912783,503.7883581887913,0.04562264,10.140616
1764,0.022577741361337327,-2.0430565959483147,502.0430565959483,0.02332846,4.510655
1765,0.022546649942969437,-5.9898795361662,505.9898795361662,0.039133772,3.701442
1766,0.02251563538071335,-6.728412849639142,506.72841284963914,0.050252225,3.4413545
1767,0.022484697484585363,-4.664835560218364,504.66483556021836,0.15873685,8.076908
1768,0.022453836065071456,-1.8117030812172175,501.8117030812172,0.08031912,1.503218
1769,0.022423050933126028,-3.0364825721853776,503.0364825721854,0.056313418,2.385157
1770,0.02239234190017083,-3.661874176703691,503.6618741767037,0.07343581,6.2404227
1771,0.022361708778093722,-2.425456371356404,502.4254563713564,0.031088633,2.1310947
1772,0.022331151379247613,-4.18982971795009,504.1898297179501,0.022930354,10.694412
1773,0.02230066951644922,-1.7426020889980123,501.742602088998,0.019194812,3.2986653
1774,0.022270263002978005,-3.8834242893802298,503.88342428938023,0.07882788,11.227901
1775,0.022239931652574957,-4.502453655422812,504.5024536554228,0.09712601,2.789265
1776,0.022209675279441524,-3.1709639359062862,503.1709639359063,0.037433617,4.4598465
1777,0.022179493698238392,-5.762826429128324,505.7628264291283,0.0536146,10.12148
1778,0.02214938672408444,-4.3775466445087545,504.37754664450875,0.12154612,7.066451
1779,0.022119354172555523,-2.736490410155909,502.7364904101559,0.034822583,8.150036
1780,0.022089395859683413,-4.873707484490694,504.8737074844907,0.030575223,8.154011
1781,0.022059511601954608,-5.925776537453601,505.9257765374536,0.067423746,5.6271114
1782,0.022029701216309282,-2.7435806853850977,502.7435806853851,0.023796098,1.8323611
1783,0.02199996452014007,-2.7097496281583062,502.7097496281583,0.06317026,8.221973
1784,0.02197030133129106,-3.222562323683519,503.2225623236835,0.021515518,3.6575174
1785,0.02194071146805656,-2.1399221883781365,502.13992218837814,0.030495832,6.039122
1786,0.0219111947491801,-2.86709796979153,502.86709796979153,0.060948644,5.7138834
1787,0.021881750993853206,-2.0870115242399834,502.08701152424,0.03528914,4.6914926
1788,0.021852380021714406,-2.2523826378261447,502.25238263782614,0.07390566,7.2312417
1789,0.02182308165284803,-3.3076085365298127,503.3076085365298,0.09960512,5.4820585
1790,0.021793855707783184,-3.7604580781501795,503.7604580781502,0.02317499,10.164473
1791,0.021764702007492576,-3.3123520103535498,503.31235201035355,0.026342258,5.1318393
1792,0.021735620373391502,-3.4298862939582477,503.42988629395825,0.033584915,5.377814
1793,0.021706610627336663,-3.5152162801051645,503.51521628010516,0.024284605,11.379886
1794,0.021677672591625164,-3.200038034006127,503.2000380340061,0.045341834,14.148093
1795,0.02164880608899334,-2.8568401439809463,502.85684014398095,0.062641665,4.763937
1796,0.02162001094261575,-2.6596689615968785,502.6596689615969,0.023876827,2.0266101
1797,0.021591286976104015,-1.2984238153491674,501.29842381534917,0.02694361,5.748829
1798,0.02156263401350582,-3.4823059742229248,503.4823059742229,0.094399154,3.8965483
1799,0.021534051879303746,-3.916780766054046,503.91678076605405,0.05632869,14.109823
1800,0.02150554039841429,-4.5766670837037395,504.57666708370374,0.09417803,5.904083
1801,0.021477099396186708,-2.821615832624161,502.82161583262416,0.028200943,4.687709
1802,0.021448728698402014,-2.1557700909283426,502.15577009092834,0.049492195,3.9436347
1803,0.021420428131271842,-3.347644068377747,503.34764406837775,0.02501723,18.910763
1804,0.021392197521437464,-2.5885967942627417,502.58859679426274,0.06343499,3.3302977
1805,0.021364036695968636,-2.7367715438587084,502.7367715438587,0.034346975,3.099237
1806,0.021335945482362645,-1.8881089439977359,501.88810894399774,0.04270953,3.4803565
1807,0.021307923708543126,-2.1950586551857896,502.1950586551858,0.14749658,3.4678032
1808,0.021279971202859155,-4.670963388262749,504.67096338826275,0.023637915,4.70939
1809,0.021252087794084037,-3.1533181978822995,503.1533181978823,0.033896044,2.9267228
1810,0.02122427331141441,-2.8271523502382934,502.8271523502383,0.07153019,5.89199
1811,0.021196527584469077,-2.0373149647486457,502.03731496474865,0.03129537,9.080377
1812,0.021168850443288048,-2.6405300310552207,502.6405300310552,0.03219033,4.9167385
1813,0.021141241718331427,-4.632499498369157,504.63249949836916,0.065842755,8.640278
1814,0.021113701240478455,-5.040681272017309,505.0406812720173,0.05308775,9.218296
1815,0.02108622884102639,-3.23936946724956,503.23936946724956,0.07106686,2.8763928
1816,0.021058824351689542,-4.152142634122754,504.15214263412275,0.03694909,6.330698
1817,0.021031487604598186,-3.205632432443849,503.20563243244385,0.034204423,1.363772
1818,0.02100421843229759,-2.7131184277688476,502.71311842776885,0.018455295,7.776417
1819,0.02097701666774693,-4.633752274232052,504.63375227423205,0.061254427,5.689959
1820,0.020949882144318328,-3.1302030382952353,503.13020303829524,0.060326938,6.9375067
1821,0.020922814695795777,-3.9851637228782693,503.98516372287827,0.02314303,4.326986
1822,0.02089581415637414,-2.6335033937808703,502.63350339378087,0.08374897,6.9285808
1823,0.020868880360658176,-3.0889047013555455,503.08890470135555,0.028028212,5.488281
1824,0.02084201314366145,-5.232132960137847,505.23213296013785,0.077591844,6.5758543
1825,0.020815212340805397,-3.0005585759512883,503.0005585759513,0.037280347,2.7866545
1826,0.02078847778791825,-3.4534934028366706,503.45349340283667,0.05752726,7.144245
1827,0.020761809321234097,-4.2779457544915545,504.27794575449155,0.046570122,3.0891495
1828,0.02073520677739181,-5.111232428901758,505.11123242890176,0.05009751,4.5655994
1829,0.020708669993434112,-3.344105766560574,503.3441057665606,0.04028984,1.8900744
1830,0.020682198806806523,-3.7330369261781016,503.7330369261781,0.10066185,3.2988126
1831,0.020655793055356413,-2.7210998576267116,502.7210998576267,0.095696785,5.180324
1832,0.020629452577331942,-2.67074824745589,502.6707482474559,0.03328318,3.3820806
1833,0.020603177211381166,-3.04539293858204,503.04539293858204,0.060842786,3.3918982
1834,0.020576966796550945,-5.551127207609227,505.5511272076092,0.09570715,5.0939894
1835,0.020550821172286036,-2.7439234055020165,502.743923405502,0.025261203,5.7024045
1836,0.020524740178428053,-3.8023380948546333,503.80233809485463,0.020084392,6.1507945
1837,0.020498723655214546,-3.2134872378021555,503.21348723780216,0.060955204,4.235701
1838,0.02047277144327795,-1.9514358334397457,501.95143583343975,0.025647119,2.9632509
1839,0.020446883383644678,-2.1929264969165274,502.1929264969165,0.05036041,6.4779096
1840,0.020421059317734094,-2.6307466014469583,502.63074660144696,0.09395149,2.1285226
1841,0.020395299087357592,-3.8436859515659307,503.84368595156593,0.038280495,12.443431
1842,0.020369602534717555,-2.197960849555045,502.19796084955505,0.107896164,2.8268867
1843,0.02034396950240648,-3.505564183668639,503.50556418366864,0.049632415,3.3717225
1844,0.02031839983340592,-4.619872560064721,504.6198725600647,0.038755085,6.9571486
1845,0.02029289337108562,-4.059554410878263,504.05955441087826,0.105668806,1.4501126
1846,0.020267449959202447,-6.009977339701209,506.0099773397012,0.43542907,14.204973
1847,0.02024206944189955,-5.008365038673162,505.00836503867316,0.017093651,3.444697
1848,0.02021675166370529,-1.720028394042231,501.72002839404223,0.04750826,3.6222904
1849,0.0201914964695324,-3.033978533732295,503.0339785337323,0.0819774,3.7924867
1850,0.020166303704676928,-3.630123187472009,503.630123187472,0.03745937,4.1289215
1851,0.020141173214817388,-2.001468468172334,502.00146846817233,0.029213905,5.6032853
1852,0.02011610484601372,-3.595474209166696,503.5954742091667,0.05021634,3.444804
1853,0.020091098444706447,-3.3426635758185057,503.3426635758185,0.024378275,5.1493487
1854,0.020066153857715624,-4.325096954330945,504.32509695433095,0.040662065,2.3742876
1855,0.020041270932240014,-2.8004830303099197,502.8004830303099,0.037687313,5.390103
1856,0.020016449515856048,-5.739920794337479,505.7399207943375,0.08881954,6.865081
1857,0.019991689456516974,-3.699158632992635,503.69915863299263,0.045433324,4.812954
1858,0.019966990602551866,-3.203173449087103,503.2031734490871,0.064589836,5.010671
1859,0.019942352802664737,-1.4821193707261386,501.48211937072614,0.019600904,7.508483
1860,0.019917775905933577,-2.1808490148874284,502.18084901488743,0.04253351,4.1456385
1861,0.019893259761809477,-4.282976836478724,504.2829768364787,0.04683907,6.9998236
1862,0.01986880422011563,-3.938565593256044,503.93856559325604,0.08720718,11.9860115
1863,0.019844409131046497,-4.376779538903577,504.3767795389036,0.04836873,2.2705746
1864,0.019820074345166826,-3.310360712734621,503.3103607127346,0.01699735,11.319585
1865,0.01979579971341078,-1.9634812101308512,501.96348121013085,0.2981678,5.6086597
1866,0.019771585087080976,-3.4602492452222577,503.46024924522226,0.07938207,5.6030383
1867,0.019747430317847633,-2.7703292008480958,502.7703292008481,0.18530704,1.8069924
1868,0.019723335257747606,-3.852712476092563,503.85271247609256,0.01629355,1.6497567
1869,0.019699299759183525,-2.7660857761332522,502.76608577613325,0.14662555,3.8937693
1870,0.019675323674922855,-3.4018545209502236,503.4018545209502,0.03795266,1.7600629
1871,0.019651406858097034,-2.3537887160549076,502.3537887160549,0.030146968,3.8360841
1872,0.019627549162200518,-3.9894005199649314,503.98940051996493,0.020651039,5.6877875
1873,0.019603750441089952,-4.456550159080564,504.45655015908056,0.022273414,3.6885211
1874,0.019580010548983208,-1.9830297222794684,501.98302972227947,0.023100935,8.375266
1875,0.01955632934045854,-2.9448431013324807,502.9448431013325,0.019692004,4.277386
1876,0.01953270667045367,-3.50302495716943,503.50302495716943,0.115794405,8.451681
1877,0.019509142394264906,-3.4674856205144806,503.4674856205145,0.019309156,2.6287553
1878,0.01948563636754625,-2.9678785632529525,502.96787856325295,0.045113146,3.1056771
1879,0.019462188446308544,-2.2648126555229737,502.264812655523,0.030210998,4.808737
1880,0.019438798486918513,-3.368493387738795,503.3684933877388,0.06340428,3.1675224
1881,0.019415466346097983,-2.169191162229936,502.16919116222994,0.014968191,8.272092
1882,0.019392191880922928,-3.068413812645531,503.06841381264553,0.05630084,4.6789584
1883,0.01936897494882264,-2.4737335099289908,502.473733509929,0.031171696,4.3485894
1884,0.01934581540757881,-3.69263514192221,503.6926351419222,0.039717313,8.102779
1885,0.019322713115324717,-1.4906126420347618,501.49061264203476,0.07859029,4.3542576
1886,0.019299667930544294,-3.6432112193188573,503.64321121931886,0.040020652,3.2027428
1887,0.019276679712071327,-4.004625905311627,504.0046259053116,0.018977877,7.7659364
1888,0.01925374831908852,-3.188854048270457,503.18885404827046,0.022644483,1.9432925
1889,0.019230873611126707,-2.0759522780772954,502.0759522780773,0.018759646,5.228114
1890,0.019208055448063914,-3.223213551649792,503.2232135516498,0.01652256,6.232463
1891,0.019185293690124575,-3.2889935237482177,503.2889935237482,0.049607813,2.5243177
1892,0.01916258819787861,-2.7416274674099554,502.74162746740996,0.038232304,4.867402
1893,0.019139938832240633,-5.966099164873924,505.9660991648739,0.021567002,5.7350554
1894,0.019117345454469036,-2.433334726212138,502.43333472621214,0.045603033,4.801877
1895,0.019094807926165205,-4.81967111322939,504.8196711132294,0.059510514,4.983861
1896,0.019072326109272612,-2.527921173390041,502.52792117339004,0.03437458,9.025673
1897,0.01904989986607602,-4.500099578044342,504.50009957804434,0.04790674,2.7875404
1898,0.019027529059200583,-4.104814500003954,504.10481450000395,0.0444068,6.678258
1899,0.019005213551611076,-3.2837613010514133,503.2837613010514,0.06034267,2.634457
1900,0.018982953206610982,-3.773050247910419,503.7730502479104,0.049526248,6.44518
1901,0.018960747887841717,-4.124599439682527,504.1245994396825,0.051063646,12.346403
1902,0.01893859745928175,-2.3340763384272236,502.3340763384272,0.053439602,5.1466465
1903,0.0189165017852458,-3.8619715528375878,503.8619715528376,0.04559969,9.805978
1904,0.018894460730383974,-1.6147220814740422,501.61472208147404,0.05062665,4.678803
1905,0.018872474159680977,-4.2867906070449635,504.28679060704496,0.037786823,3.2189233
1906,0.018850541938455243,-3.4583859133335864,503.4583859133336,0.010140341,4.4014993
1907,0.01882866393235815,-2.6181772926741473,502.61817729267415,0.04885821,5.009492
1908,0.018806840007373163,-3.374349621151282,503.3743496211513,0.054448094,5.7069826
1909,0.01878507002981504,-4.321799272862336,504.32179927286234,0.0980065,4.631833
1910,0.018763353866328977,-3.562939790801579,503.5629397908016,0.028177278,7.7353306
1911,0.018741691383889855,-3.84222914442131,503.8422291444213,0.01708025,6.725304
1912,0.018720082449801348,-3.436979928671178,503.4369799286712,0.07232782,2.8026056
1913,0.018698526931695162,-6.897925571179371,506.89792557117937,0.040490367,4.8640676
1914,0.018677024697530215,-3.759457102100612,503.7594571021006,0.10095786,4.38985
1915,0.018655575615591807,-2.386166879436132,502.38616687943613,0.020045366,3.8159623
1916,0.018634179554490857,-1.61827940118053,501.61827940118053,0.031644013,3.9845653
1917,0.018612836383163026,-2.141095409275124,502.1410954092751,0.08113817,3.5743477
1918,0.018591545970868005,-2.5580279111441655,502.55802791114417,0.024637781,6.752068
1919,0.01857030818718863,-3.1551901099846873,503.1551901099847,0.06675576,2.797622
1920,0.018549122902030153,-7.046611245845497,507.0466112458455,0.043581545,3.8373682
1921,0.018527989985619372,-2.9937779550944583,502.99377795509446,0.043696165,12.41408
1922,0.018506909308503926,-2.9643732857388727,502.9643732857389,0.06025551,6.152026
1923,0.0184858807415514,-6.398356556172075,506.3983565561721,0.03651029,4.5639653
1924,0.01846490415594864,-3.631896475977385,503.6318964759774,0.07050675,4.652699
1925,0.018443979423200862,-2.1658261669392687,502.16582616693927,0.018372282,3.9867108
1926,0.018423106415130945,-2.2753729935970455,502.27537299359705,0.027314637,4.4956355
1927,0.018402285003878596,-4.202646731623872,504.2026467316239,0.25819755,3.7530124
1928,0.018381515061899605,-3.9529580820379806,503.952958082038,0.024483636,4.299571
1929,0.018360796461965014,-3.713407430800089,503.7134074308001,0.04168821,9.2998905
1930,0.018340129077160403,-3.127797355306427,503.1277973553064,0.021423612,4.504642
1931,0.01831951278088504,-2.6923489354122694,502.69234893541227,0.055249527,8.028558
1932,0.018298947446851184,-4.03443560139101,504.034435601391,0.042798188,6.635044
1933,0.01827843294908322,-3.109614110275402,503.1096141102754,0.02532362,4.3263054
1934,0.018257969161916982,-2.6671246319987176,502.6671246319987,0.048244044,3.1683962
1935,0.01823755595999891,-2.4662144499534975,502.4662144499535,0.08887197,4.785456
1936,0.018217193218285327,-2.5356547510885434,502.53565475108854,0.042644404,4.6452045
1937,0.01819688081204164,-3.0812831738388127,503.0812831738388,0.031895265,3.952172
1938,0.018176618616841618,-3.0552156282142846,503.0552156282143,0.026268546,4.108061
1939,0.01815640650856657,-2.679963223999266,502.67996322399927,0.07718817,2.6676323
1940,0.018136244363404653,-3.4085008690907443,503.40850086909074,0.025876226,8.82184
1941,0.01811613205785005,-2.97114611816437,502.97114611816437,0.0487389,6.3259788
1942,0.01809606946870227,-4.421354936255398,504.4213549362554,0.021576669,4.0181932
1943,0.018076056473065337,-7.373079628554251,507.37307962855425,0.13314423,6.2714963
1944,0.018056092948347095,-4.153630215020314,504.1536302150203,0.07753577,7.112845
1945,0.018036178772258406,-4.551944757812009,504.551944757812,0.062569834,9.376368
1946,0.018016313822812442,-2.587267496223717,502.5872674962237,0.04977807,13.683493
1947,0.0179964979783239,-3.3339878228871953,503.3339878228872,0.040061764,5.278383
1948,0.0179767311174083,-3.2893023494926865,503.2893023494927,0.072111495,3.805354
1949,0.017957013118981187,-2.94063795902332,502.9406379590233,0.023921594,7.293773
1950,0.017937343862257447,-4.913310380134078,504.9133103801341,0.21758369,2.7748613
1951,0.017917723226750518,-2.2010963240542765,502.2010963240543,0.055140533,7.2902656
1952,0.01789815109227169,-4.122160165561866,504.12216016556187,0.030527845,6.8466916
1953,0.017878627338929344,-2.2945727807343133,502.2945727807343,0.03393029,5.4516935
1954,0.01785915184712823,-4.445540495381579,504.4455404953816,0.047383584,6.043061
1955,0.017839724497568717,-3.431901770531681,503.4319017705317,0.03453652,1.5751204
1956,0.017820345171246102,-2.969173047005313,502.9691730470053,0.03494756,6.8081875
1957,0.017801013749449823,-4.3406421969651205,504.3406421969651,0.06033897,29.97771
1958,0.017781730113762793,-5.078543120839811,505.0785431208398,0.022300988,2.1407058
1959,0.01776249414606062,-4.817928809910484,504.8179288099105,0.026253838,3.9715211
1960,0.017743305728510926,-2.7587550576638478,502.75875505766385,0.030870738,2.7157035
1961,0.017724164743572593,-2.9383535676537917,502.9383535676538,0.04354468,1.9713109
1962,0.017705071073995077,-5.4488339792936245,505.4488339792936,0.074446835,9.425023
1963,0.017686024602817645,-2.975758607969283,502.9757586079693,0.06589145,1.857667
1964,0.01766702521336871,-5.178539499634269,505.17853949963427,0.045878418,6.797539
1965,0.017648072789265067,-3.752993900219792,503.7529939002198,0.021810085,6.407783
1966,0.017629167214411226,-4.079556275837888,504.0795562758379,0.09431297,3.4498012
1967,0.01761030837299865,-2.340037719622103,502.3400377196221,0.074039005,1.6157677
1968,0.017591496149505108,-4.1409101548432545,504.14091015484325,0.022195298,7.7744865
1969,0.017572730428693895,-2.356060148419374,502.3560601484194,0.03394362,6.314532
1970,0.017554011095613203,-5.430694958469303,505.4306949584693,0.026435351,4.099341
1971,0.01753533803559534,-2.556028336660688,502.5560283366607,0.052176043,5.773363
1972,0.017516711134256104,-2.920733325733181,502.9207333257332,0.11518844,5.1522546
1973,0.017498130277494004,-3.4352652975821343,503.43526529758213,0.035489358,1.9929569
1974,0.01747959535148964,-2.5788879507946376,502.57888795079464,0.09096266,5.5668983
1975,0.01746110624270493,-3.707361882365376,503.7073618823654,0.023335095,2.4151914
1976,0.01744266283788249,-2.258678112961775,502.2586781129618,0.0215001,1.9800059
1977,0.017424265024044858,-3.04329243199453,503.04329243199453,0.042390935,3.417342
1978,0.017405912688493886,-2.3952015803898234,502.3952015803898,0.028231844,5.3081436
1979,0.01738760571880998,-3.8955714622305777,503.8955714622306,0.062652126,3.3218505
1980,0.017369344002851464,-2.520160907706611,502.5201609077066,0.041430544,9.842548
1981,0.01735112742875384,-3.1899136439346307,503.18991364393463,0.07911095,7.5218616
1982,0.017332955884929162,-4.202524527514072,504.2025245275141,0.022586301,8.404323
1983,0.017314829260065303,-4.326112169754197,504.3261121697542,0.03065019,6.3315105
1984,0.01729674744312531,-4.434296851177464,504.43429685117746,0.019109806,10.759512
1985,0.017278710323346682,-4.226862251004263,504.22686225100426,0.058396596,3.2725766
1986,0.017260717790240746,-4.445592894158096,504.4455928941581,0.03254333,8.651406
1987,0.01724276973359192,-2.571141965033462,502.57114196503346,0.031095386,4.353137
1988,0.0172248660434571,-3.198835141620691,503.1988351416207,0.020398136,4.0189037
1989,0.017207006610164922,-4.527714395412943,504.52771439541294,0.029987695,7.850436
1990,0.01718919132431515,-2.1747893431370926,502.1747893431371,0.048833832,6.348508
1991,0.01717142007677796,-3.4569848810238,503.4569848810238,0.08336088,5.840755
1992,0.017153692758693308,-4.114790842007096,504.1147908420071,0.05168269,5.544396
1993,0.017136009261470225,-2.099841309452131,502.09984130945213,0.019545838,3.5275521
1994,0.017118369476786195,-3.086944109901708,503.0869441099017,0.0322285,9.020863
1995,0.017100773296586443,-4.08252769402884,504.08252769402884,0.039901976,5.146036
1996,0.017083220613083323,-3.939883048278375,503.9398830482784,0.10704263,8.963441
1997,0.017065711318755616,-2.766625481209303,502.7666254812093,0.040996104,4.986121
1998,0.017048245306347905,-3.471147127078723,503.4711471270787,0.01954076,7.8969326
1999,0.017030822468869885,-3.6378393338287083,503.6378393338287,0.04654712,9.233822
2000,0.01701344269959574,-2.4885282236652984,502.4885282236653,0.10113979,10.439187
